8,-1,3161,1338,46,38,1,-1,-1,-1
9,-1,3169,1330,46,38,1,-1,-1,-1
10,-1,3182,1322,46,38,1,-1,-1,-1
11,-1,3181,1322,46,38,1,-1,-1,-1
12,-1,3199,1312,43,35,1,-1,-1,-1
13,-1,3218,1305,43,35,1,-1,-1,-1
14,-1,3237,1297,44,36,1,-1,-1,-1
15,-1,3255,1293,45,37,1,-1,-1,-1
16,-1,3272,1290,44,36,1,-1,-1,-1
17,-1,3272,1291,44,36,1,-1,-1,-1
18,-1,3289,1292,43,35,1,-1,-1,-1
19,-1,3306,1293,42,35,1,-1,-1,-1
20,-1,3321,1298,42,35,1,-1,-1,-1
21,-1,3336,1304,43,35,1,-1,-1,-1
22,-1,3350,1313,42,35,1,-1,-1,-1
23,-1,3350,1313,43,35,1,-1,-1,-1
24,-1,3363,1323,42,35,1,-1,-1,-1
25,-1,3378,1336,42,35,1,-1,-1,-1
26,-1,3391,1350,40,33,1,-1,-1,-1
27,-1,3403,1364,40,33,1,-1,-1,-1
28,-1,3414,1382,40,33,1,-1,-1,-1
29,-1,3415,1382,40,33,1,-1,-1,-1
30,-1,3424,1399,40,33,1,-1,-1,-1
31,-1,3435,1419,40,33,1,-1,-1,-1
32,-1,3446,1440,38,31,1,-1,-1,-1
33,-1,3456,1449,37,31,1,-1,-1,-1
34,-1,3465,1425,38,31,1,-1,-1,-1
35,-1,3466,1423,37,31,1,-1,-1,-1
36,-1,3477,1401,37,31,1,-1,-1,-1
37,-1,3486,1378,39,32,1,-1,-1,-1
38,-1,3497,1358,39,32,1,-1,-1,-1
39,-1,3506,1340,39,32,1,-1,-1,-1
40,-1,3516,1322,38,31,1,-1,-1,-1
41,-1,3515,1322,38,31,1,-1,-1,-1
42,-1,3522,1308,38,31,1,-1,-1,-1
43,-1,3532,1296,38,31,1,-1,-1,-1
44,-1,3537,1284,39,32,1,-1,-1,-1
45,-1,3546,1276,39,32,1,-1,-1,-1
46,-1,3552,1269,39,32,1,-1,-1,-1
47,-1,3553,1269,39,32,1,-1,-1,-1
48,-1,3559,1265,38,31,1,-1,-1,-1
49,-1,3562,1264,38,31,1,-1,-1,-1
50,-1,3561,1264,39,32,1,-1,-1,-1
51,-1,3558,1267,40,33,1,-1,-1,-1
52,-1,3553,1272,40,33,1,-1,-1,-1
52,-1,3093,1419,32,39,1,-1,-1,-1
53,-1,3091,1418,33,41,1,-1,-1,-1
54,-1,3091,1417,34,42,1,-1,-1,-1
55,-1,3091,1418,34,42,1,-1,-1,-1
56,-1,3090,1418,35,43,1,-1,-1,-1
57,-1,3090,1418,34,42,1,-1,-1,-1
58,-1,3091,1419,33,41,1,-1,-1,-1
58,-1,3527,1270,39,51,1,-1,-1,-1
59,-1,3526,1270,39,51,1,-1,-1,-1
60,-1,3521,1259,42,55,1,-1,-1,-1
61,-1,3519,1247,43,56,1,-1,-1,-1
62,-1,3516,1240,43,56,1,-1,-1,-1
63,-1,3513,1228,45,59,1,-1,-1,-1
64,-1,3513,1219,46,60,1,-1,-1,-1
65,-1,3512,1219,47,62,1,-1,-1,-1
66,-1,3512,1211,49,64,1,-1,-1,-1
67,-1,3514,1207,46,60,1,-1,-1,-1
68,-1,3513,1200,49,64,1,-1,-1,-1
69,-1,3514,1196,49,64,1,-1,-1,-1
70,-1,3514,1194,49,64,1,-1,-1,-1
71,-1,3515,1194,49,64,1,-1,-1,-1
72,-1,3514,1190,51,67,1,-1,-1,-1
73,-1,3514,1189,52,68,1,-1,-1,-1
74,-1,3513,1185,54,71,1,-1,-1,-1
75,-1,3512,1186,53,70,1,-1,-1,-1
76,-1,3510,1185,54,71,1,-1,-1,-1
77,-1,3508,1184,55,72,1,-1,-1,-1
78,-1,3505,1184,54,71,1,-1,-1,-1
79,-1,3500,1181,54,71,1,-1,-1,-1
80,-1,3494,1178,55,72,1,-1,-1,-1
81,-1,3485,1170,56,74,1,-1,-1,-1
82,-1,3469,1152,57,75,1,-1,-1,-1
83,-1,3470,1153,57,75,1,-1,-1,-1
84,-1,3447,1134,57,75,1,-1,-1,-1
85,-1,3423,1118,57,75,1,-1,-1,-1
86,-1,3400,1105,56,74,1,-1,-1,-1
87,-1,3373,1094,55,72,1,-1,-1,-1
88,-1,3346,1084,55,72,1,-1,-1,-1
89,-1,3348,1085,53,70,1,-1,-1,-1
90,-1,3323,1075,53,70,1,-1,-1,-1
91,-1,3295,1068,53,70,1,-1,-1,-1
92,-1,3267,1063,54,71,1,-1,-1,-1
93,-1,3238,1060,53,70,1,-1,-1,-1
94,-1,3211,1060,53,70,1,-1,-1,-1
95,-1,3210,1059,54,71,1,-1,-1,-1
96,-1,3176,1061,55,72,1,-1,-1,-1
97,-1,3152,1062,55,72,1,-1,-1,-1
98,-1,3120,1068,55,72,1,-1,-1,-1
99,-1,3090,1075,55,72,1,-1,-1,-1
100,-1,3058,1086,55,72,1,-1,-1,-1
101,-1,3059,1086,55,72,1,-1,-1,-1
102,-1,3028,1097,55,72,1,-1,-1,-1
103,-1,2996,1111,55,72,1,-1,-1,-1
104,-1,2963,1128,55,72,1,-1,-1,-1
105,-1,2931,1146,55,72,1,-1,-1,-1
106,-1,2899,1166,55,72,1,-1,-1,-1
107,-1,2898,1167,55,72,1,-1,-1,-1
108,-1,2864,1190,55,72,1,-1,-1,-1
109,-1,2831,1215,55,72,1,-1,-1,-1
110,-1,2797,1241,56,74,1,-1,-1,-1
111,-1,2762,1268,56,74,1,-1,-1,-1
112,-1,2732,1301,57,75,1,-1,-1,-1
113,-1,2731,1302,57,75,1,-1,-1,-1
114,-1,2695,1331,57,75,1,-1,-1,-1
115,-1,2660,1367,57,75,1,-1,-1,-1
116,-1,2626,1404,57,75,1,-1,-1,-1
117,-1,2590,1443,57,75,1,-1,-1,-1
118,-1,2555,1484,57,75,1,-1,-1,-1
119,-1,2555,1484,57,75,1,-1,-1,-1
120,-1,2521,1526,57,75,1,-1,-1,-1
121,-1,2493,1547,57,75,1,-1,-1,-1
122,-1,2479,1518,57,75,1,-1,-1,-1
123,-1,2464,1494,57,75,1,-1,-1,-1
124,-1,2448,1468,57,75,1,-1,-1,-1
125,-1,2448,1468,57,75,1,-1,-1,-1
126,-1,2433,1446,57,75,1,-1,-1,-1
127,-1,2417,1425,57,75,1,-1,-1,-1
128,-1,2401,1406,57,75,1,-1,-1,-1
129,-1,2384,1389,57,75,1,-1,-1,-1
130,-1,2368,1375,57,75,1,-1,-1,-1
131,-1,2368,1374,59,77,1,-1,-1,-1
132,-1,2351,1360,59,77,1,-1,-1,-1
133,-1,2334,1349,59,77,1,-1,-1,-1
134,-1,2318,1341,59,77,1,-1,-1,-1
135,-1,2301,1335,59,77,1,-1,-1,-1
136,-1,2284,1330,59,77,1,-1,-1,-1
137,-1,2284,1331,59,77,1,-1,-1,-1
138,-1,2267,1329,59,77,1,-1,-1,-1
139,-1,2250,1328,59,77,1,-1,-1,-1
140,-1,2243,1326,59,77,1,-1,-1,-1
141,-1,2242,1326,59,77,1,-1,-1,-1
142,-1,2241,1331,59,77,1,-1,-1,-1
143,-1,2241,1331,59,77,1,-1,-1,-1
144,-1,2243,1337,59,77,1,-1,-1,-1
145,-1,2247,1346,59,77,1,-1,-1,-1
146,-1,2252,1357,59,77,1,-1,-1,-1
147,-1,2256,1368,59,77,1,-1,-1,-1
148,-1,2260,1383,59,77,1,-1,-1,-1
149,-1,2260,1383,59,77,1,-1,-1,-1
150,-1,2265,1397,59,77,1,-1,-1,-1
151,-1,2270,1413,59,77,1,-1,-1,-1
152,-1,2272,1429,59,77,1,-1,-1,-1
153,-1,2275,1448,59,77,1,-1,-1,-1
154,-1,2277,1468,59,77,1,-1,-1,-1
155,-1,2277,1469,59,77,1,-1,-1,-1
156,-1,2280,1493,59,77,1,-1,-1,-1
157,-1,2282,1518,59,77,1,-1,-1,-1
158,-1,2284,1546,59,77,1,-1,-1,-1
159,-1,2285,1577,59,77,1,-1,-1,-1
160,-1,2287,1608,57,75,1,-1,-1,-1
161,-1,2287,1609,57,75,1,-1,-1,-1
162,-1,2289,1643,57,75,1,-1,-1,-1
163,-1,2291,1626,57,75,1,-1,-1,-1
164,-1,2292,1606,59,77,1,-1,-1,-1
165,-1,2292,1588,59,77,1,-1,-1,-1
166,-1,2294,1571,57,75,1,-1,-1,-1
167,-1,2294,1570,59,77,1,-1,-1,-1
168,-1,2294,1556,59,77,1,-1,-1,-1
169,-1,2297,1545,59,77,1,-1,-1,-1
170,-1,2303,1532,59,77,1,-1,-1,-1
171,-1,2306,1531,59,77,1,-1,-1,-1
172,-1,2311,1533,59,77,1,-1,-1,-1
173,-1,2311,1533,59,77,1,-1,-1,-1
174,-1,2315,1533,59,77,1,-1,-1,-1
175,-1,2319,1534,59,77,1,-1,-1,-1
176,-1,2322,1532,60,78,1,-1,-1,-1
177,-1,2326,1530,60,78,1,-1,-1,-1
178,-1,2330,1527,60,78,1,-1,-1,-1
179,-1,2331,1527,60,78,1,-1,-1,-1
180,-1,2335,1524,60,78,1,-1,-1,-1
181,-1,2339,1519,60,78,1,-1,-1,-1
182,-1,2342,1515,61,80,1,-1,-1,-1
183,-1,2343,1514,61,80,1,-1,-1,-1
184,-1,2345,1514,60,78,1,-1,-1,-1
185,-1,2345,1512,60,78,1,-1,-1,-1
186,-1,2344,1510,61,80,1,-1,-1,-1
187,-1,2344,1509,62,82,1,-1,-1,-1
188,-1,2344,1508,62,82,1,-1,-1,-1
189,-1,2342,1508,62,82,1,-1,-1,-1
190,-1,2338,1508,62,82,1,-1,-1,-1
191,-1,2339,1508,62,82,1,-1,-1,-1
192,-1,2336,1508,62,82,1,-1,-1,-1
193,-1,2333,1509,62,82,1,-1,-1,-1
194,-1,2331,1510,62,82,1,-1,-1,-1
195,-1,2329,1512,62,82,1,-1,-1,-1
196,-1,2326,1514,62,82,1,-1,-1,-1
197,-1,2326,1515,62,82,1,-1,-1,-1
198,-1,2324,1517,62,82,1,-1,-1,-1
199,-1,2323,1518,62,82,1,-1,-1,-1
200,-1,2321,1517,62,82,1,-1,-1,-1
201,-1,2323,1518,61,80,1,-1,-1,-1
202,-1,2324,1519,62,82,1,-1,-1,-1
203,-1,2325,1519,62,82,1,-1,-1,-1
204,-1,2325,1524,62,82,1,-1,-1,-1
205,-1,2327,1532,62,82,1,-1,-1,-1
206,-1,2329,1540,62,82,1,-1,-1,-1
207,-1,2328,1546,62,82,1,-1,-1,-1
208,-1,2327,1552,62,82,1,-1,-1,-1
209,-1,2326,1553,62,82,1,-1,-1,-1
210,-1,2324,1557,62,82,1,-1,-1,-1
211,-1,2321,1562,62,82,1,-1,-1,-1
212,-1,2319,1565,62,82,1,-1,-1,-1
213,-1,2315,1567,62,82,1,-1,-1,-1
214,-1,2312,1569,62,82,1,-1,-1,-1
215,-1,2313,1569,62,82,1,-1,-1,-1
216,-1,2310,1570,62,82,1,-1,-1,-1
217,-1,2307,1572,62,82,1,-1,-1,-1
218,-1,2304,1572,62,82,1,-1,-1,-1
219,-1,2300,1574,62,82,1,-1,-1,-1
220,-1,2296,1575,62,82,1,-1,-1,-1
221,-1,2296,1575,62,82,1,-1,-1,-1
222,-1,2292,1576,62,82,1,-1,-1,-1
223,-1,2288,1578,62,82,1,-1,-1,-1
224,-1,2284,1579,62,82,1,-1,-1,-1
225,-1,2279,1583,62,82,1,-1,-1,-1
226,-1,2276,1585,62,82,1,-1,-1,-1
227,-1,2276,1585,62,82,1,-1,-1,-1
228,-1,2270,1590,62,82,1,-1,-1,-1
229,-1,2265,1594,62,82,1,-1,-1,-1
230,-1,2260,1597,62,82,1,-1,-1,-1
231,-1,2255,1602,62,82,1,-1,-1,-1
232,-1,2251,1604,62,82,1,-1,-1,-1
233,-1,2252,1605,62,82,1,-1,-1,-1
234,-1,2246,1605,63,83,1,-1,-1,-1
235,-1,2241,1607,63,83,1,-1,-1,-1
236,-1,2237,1609,63,83,1,-1,-1,-1
237,-1,2230,1610,63,83,1,-1,-1,-1
238,-1,2226,1614,62,82,1,-1,-1,-1
239,-1,2226,1614,62,82,1,-1,-1,-1
240,-1,2221,1615,62,82,1,-1,-1,-1
241,-1,2215,1615,63,83,1,-1,-1,-1
242,-1,2210,1616,63,83,1,-1,-1,-1
243,-1,2204,1617,63,83,1,-1,-1,-1
244,-1,2200,1618,62,82,1,-1,-1,-1
245,-1,2200,1618,62,82,1,-1,-1,-1
246,-1,2194,1618,62,82,1,-1,-1,-1
247,-1,2188,1618,62,82,1,-1,-1,-1
248,-1,2183,1618,62,82,1,-1,-1,-1
249,-1,2176,1619,62,82,1,-1,-1,-1
250,-1,2170,1620,62,82,1,-1,-1,-1
251,-1,2170,1619,62,82,1,-1,-1,-1
252,-1,2164,1620,62,82,1,-1,-1,-1
253,-1,2158,1620,62,82,1,-1,-1,-1
254,-1,2152,1620,62,82,1,-1,-1,-1
255,-1,2146,1621,61,80,1,-1,-1,-1
256,-1,2141,1621,61,80,1,-1,-1,-1
257,-1,2141,1621,61,80,1,-1,-1,-1
258,-1,2136,1621,61,80,1,-1,-1,-1
259,-1,2130,1621,62,82,1,-1,-1,-1
260,-1,2126,1620,62,82,1,-1,-1,-1
261,-1,2124,1621,61,80,1,-1,-1,-1
262,-1,2119,1622,61,80,1,-1,-1,-1
263,-1,2119,1621,61,80,1,-1,-1,-1
264,-1,2115,1622,61,80,1,-1,-1,-1
265,-1,2110,1622,61,80,1,-1,-1,-1
266,-1,2105,1621,62,82,1,-1,-1,-1
267,-1,2100,1620,63,83,1,-1,-1,-1
268,-1,2096,1622,63,83,1,-1,-1,-1
269,-1,2096,1622,63,83,1,-1,-1,-1
270,-1,2090,1623,63,83,1,-1,-1,-1
271,-1,2086,1625,62,82,1,-1,-1,-1
272,-1,2081,1627,62,82,1,-1,-1,-1
273,-1,2075,1627,63,83,1,-1,-1,-1
274,-1,2071,1629,63,83,1,-1,-1,-1
275,-1,2071,1629,63,83,1,-1,-1,-1
276,-1,2066,1631,63,83,1,-1,-1,-1
277,-1,2062,1632,62,82,1,-1,-1,-1
278,-1,2058,1633,62,82,1,-1,-1,-1
279,-1,2054,1633,62,82,1,-1,-1,-1
280,-1,2050,1631,62,82,1,-1,-1,-1
281,-1,2050,1631,62,82,1,-1,-1,-1
282,-1,2047,1629,62,82,1,-1,-1,-1
283,-1,2045,1628,63,83,1,-1,-1,-1
284,-1,2040,1626,63,83,1,-1,-1,-1
285,-1,2039,1625,63,83,1,-1,-1,-1
286,-1,2036,1624,63,83,1,-1,-1,-1
287,-1,2037,1624,62,82,1,-1,-1,-1
288,-1,2034,1624,62,82,1,-1,-1,-1
289,-1,2031,1621,62,82,1,-1,-1,-1
290,-1,2029,1621,61,80,1,-1,-1,-1
291,-1,2027,1618,62,82,1,-1,-1,-1
292,-1,2024,1616,62,82,1,-1,-1,-1
293,-1,2024,1616,62,82,1,-1,-1,-1
294,-1,2022,1615,62,82,1,-1,-1,-1
295,-1,2020,1613,62,82,1,-1,-1,-1
296,-1,2017,1611,62,82,1,-1,-1,-1
297,-1,2015,1610,62,82,1,-1,-1,-1
298,-1,2012,1608,62,82,1,-1,-1,-1
299,-1,2012,1608,62,82,1,-1,-1,-1
300,-1,2010,1606,62,82,1,-1,-1,-1
301,-1,2008,1603,62,82,1,-1,-1,-1
302,-1,2006,1602,62,82,1,-1,-1,-1
303,-1,2004,1599,62,82,1,-1,-1,-1
304,-1,2003,1599,62,82,1,-1,-1,-1
305,-1,2003,1598,62,82,1,-1,-1,-1
306,-1,2003,1597,62,82,1,-1,-1,-1
307,-1,2001,1596,62,82,1,-1,-1,-1
308,-1,2001,1595,62,82,1,-1,-1,-1
309,-1,2000,1595,62,82,1,-1,-1,-1
310,-1,2000,1594,62,82,1,-1,-1,-1
311,-1,2000,1594,62,82,1,-1,-1,-1
312,-1,2001,1594,62,82,1,-1,-1,-1
313,-1,2001,1593,62,82,1,-1,-1,-1
314,-1,2001,1593,62,82,1,-1,-1,-1
315,-1,2001,1593,62,82,1,-1,-1,-1
316,-1,2001,1593,62,82,1,-1,-1,-1
317,-1,2002,1594,62,82,1,-1,-1,-1
318,-1,2004,1593,62,82,1,-1,-1,-1
319,-1,2007,1594,62,82,1,-1,-1,-1
320,-1,2012,1594,62,82,1,-1,-1,-1
321,-1,2017,1593,62,82,1,-1,-1,-1
322,-1,2017,1593,62,82,1,-1,-1,-1
323,-1,2023,1593,62,82,1,-1,-1,-1
324,-1,2030,1592,62,82,1,-1,-1,-1
325,-1,2037,1590,62,82,1,-1,-1,-1
326,-1,2045,1590,61,80,1,-1,-1,-1
327,-1,2055,1586,61,80,1,-1,-1,-1
328,-1,2055,1586,61,80,1,-1,-1,-1
329,-1,2063,1582,61,80,1,-1,-1,-1
330,-1,2073,1575,62,82,1,-1,-1,-1
331,-1,2082,1568,62,82,1,-1,-1,-1
332,-1,2090,1560,62,82,1,-1,-1,-1
333,-1,2090,1548,62,82,1,-1,-1,-1
334,-1,2091,1549,61,80,1,-1,-1,-1
335,-1,2083,1536,61,80,1,-1,-1,-1
336,-1,2072,1528,62,82,1,-1,-1,-1
337,-1,2069,1527,62,82,1,-1,-1,-1
338,-1,2077,1529,62,82,1,-1,-1,-1
339,-1,2103,1535,62,82,1,-1,-1,-1
340,-1,2103,1536,62,82,1,-1,-1,-1
341,-1,2137,1551,62,82,1,-1,-1,-1
342,-1,2174,1570,62,82,1,-1,-1,-1
343,-1,2210,1590,62,82,1,-1,-1,-1
344,-1,2246,1613,62,82,1,-1,-1,-1
345,-1,2282,1638,62,82,1,-1,-1,-1
346,-1,2282,1639,62,82,1,-1,-1,-1
347,-1,2316,1664,62,82,1,-1,-1,-1
348,-1,2350,1692,62,82,1,-1,-1,-1
349,-1,2385,1724,62,82,1,-1,-1,-1
350,-1,2418,1757,62,82,1,-1,-1,-1
351,-1,2446,1762,62,82,1,-1,-1,-1
352,-1,2447,1762,62,82,1,-1,-1,-1
353,-1,2469,1741,62,82,1,-1,-1,-1
354,-1,2492,1719,62,82,1,-1,-1,-1
355,-1,2514,1700,62,82,1,-1,-1,-1
356,-1,2538,1683,62,82,1,-1,-1,-1
357,-1,2561,1668,62,82,1,-1,-1,-1
358,-1,2562,1668,62,82,1,-1,-1,-1
359,-1,2584,1655,62,82,1,-1,-1,-1
360,-1,2607,1645,62,82,1,-1,-1,-1
361,-1,2629,1638,62,82,1,-1,-1,-1
362,-1,2647,1631,62,82,1,-1,-1,-1
363,-1,2659,1619,62,82,1,-1,-1,-1
364,-1,2659,1619,62,82,1,-1,-1,-1
365,-1,2672,1609,62,82,1,-1,-1,-1
366,-1,2689,1601,61,80,1,-1,-1,-1
367,-1,2704,1599,61,80,1,-1,-1,-1
368,-1,2703,1594,61,80,1,-1,-1,-1
400,-1,3683,1162,31,32,1,-1,-1,-1
401,-1,3682,1162,30,31,1,-1,-1,-1
402,-1,3681,1162,30,31,1,-1,-1,-1
403,-1,3680,1161,31,32,1,-1,-1,-1
404,-1,3680,1161,31,32,1,-1,-1,-1
405,-1,3679,1161,31,32,1,-1,-1,-1
406,-1,3680,1161,32,33,1,-1,-1,-1
407,-1,3679,1160,33,34,1,-1,-1,-1
408,-1,3679,1160,32,33,1,-1,-1,-1
409,-1,3679,1161,32,33,1,-1,-1,-1
410,-1,3679,1160,33,34,1,-1,-1,-1
411,-1,3678,1160,32,33,1,-1,-1,-1
412,-1,3678,1160,32,33,1,-1,-1,-1
413,-1,3679,1160,32,33,1,-1,-1,-1
414,-1,3679,1161,31,32,1,-1,-1,-1
415,-1,3680,1161,30,31,1,-1,-1,-1
416,-1,3679,1160,31,32,1,-1,-1,-1
417,-1,3679,1159,32,33,1,-1,-1,-1
418,-1,3679,1159,33,34,1,-1,-1,-1
419,-1,3679,1159,32,33,1,-1,-1,-1
420,-1,3679,1159,32,33,1,-1,-1,-1
421,-1,3679,1157,32,33,1,-1,-1,-1
422,-1,3679,1158,33,34,1,-1,-1,-1
423,-1,3679,1157,32,33,1,-1,-1,-1
424,-1,3678,1158,33,34,1,-1,-1,-1
425,-1,3678,1157,33,34,1,-1,-1,-1
426,-1,3677,1158,33,34,1,-1,-1,-1
427,-1,3677,1157,34,35,1,-1,-1,-1
428,-1,3677,1158,34,35,1,-1,-1,-1
429,-1,3677,1158,34,35,1,-1,-1,-1
430,-1,3676,1158,34,35,1,-1,-1,-1
431,-1,3676,1158,34,35,1,-1,-1,-1
432,-1,3677,1157,34,35,1,-1,-1,-1
433,-1,3677,1157,34,35,1,-1,-1,-1
434,-1,3677,1158,34,35,1,-1,-1,-1
435,-1,3677,1159,32,33,1,-1,-1,-1
436,-1,3677,1157,32,33,1,-1,-1,-1
437,-1,3676,1158,33,34,1,-1,-1,-1
438,-1,3676,1157,33,34,1,-1,-1,-1
439,-1,3676,1157,33,34,1,-1,-1,-1
440,-1,3676,1157,33,34,1,-1,-1,-1
441,-1,3675,1157,33,34,1,-1,-1,-1
442,-1,3677,1157,33,34,1,-1,-1,-1
443,-1,3676,1157,33,34,1,-1,-1,-1
444,-1,3676,1157,33,34,1,-1,-1,-1
445,-1,3676,1157,33,34,1,-1,-1,-1
446,-1,3676,1157,33,34,1,-1,-1,-1
447,-1,3676,1157,33,34,1,-1,-1,-1
448,-1,3676,1157,33,34,1,-1,-1,-1
449,-1,3676,1157,33,34,1,-1,-1,-1
450,-1,3676,1157,33,34,1,-1,-1,-1
451,-1,3676,1157,33,34,1,-1,-1,-1
452,-1,3676,1157,33,34,1,-1,-1,-1
453,-1,3677,1157,33,34,1,-1,-1,-1
454,-1,3677,1157,33,34,1,-1,-1,-1
455,-1,3676,1157,33,34,1,-1,-1,-1
456,-1,3676,1157,33,34,1,-1,-1,-1
457,-1,3676,1157,33,34,1,-1,-1,-1
458,-1,3676,1157,33,34,1,-1,-1,-1
459,-1,3677,1157,33,34,1,-1,-1,-1
460,-1,3677,1157,33,34,1,-1,-1,-1
461,-1,3677,1157,33,34,1,-1,-1,-1
462,-1,3677,1157,33,34,1,-1,-1,-1
463,-1,3676,1157,33,34,1,-1,-1,-1
464,-1,3676,1157,33,34,1,-1,-1,-1
465,-1,3677,1157,33,34,1,-1,-1,-1
466,-1,3677,1157,33,34,1,-1,-1,-1
467,-1,3677,1157,33,34,1,-1,-1,-1
468,-1,3677,1157,33,34,1,-1,-1,-1
469,-1,3677,1157,33,34,1,-1,-1,-1
470,-1,3677,1157,33,34,1,-1,-1,-1
471,-1,3677,1157,33,34,1,-1,-1,-1
472,-1,3677,1157,33,34,1,-1,-1,-1
473,-1,3676,1157,33,34,1,-1,-1,-1
474,-1,3677,1157,33,34,1,-1,-1,-1
475,-1,3676,1157,33,34,1,-1,-1,-1
476,-1,3677,1157,33,34,1,-1,-1,-1
477,-1,3677,1157,33,34,1,-1,-1,-1
478,-1,3677,1157,33,34,1,-1,-1,-1
479,-1,3677,1157,33,34,1,-1,-1,-1
480,-1,3677,1157,33,34,1,-1,-1,-1
481,-1,3677,1157,33,34,1,-1,-1,-1
482,-1,3677,1157,33,34,1,-1,-1,-1
483,-1,3677,1157,33,34,1,-1,-1,-1
484,-1,3677,1157,33,34,1,-1,-1,-1
484,-1,2419,1311,44,37,1,-1,-1,-1
485,-1,2395,1295,44,37,1,-1,-1,-1
486,-1,2372,1281,43,36,1,-1,-1,-1
487,-1,2350,1270,43,36,1,-1,-1,-1
488,-1,2328,1259,43,36,1,-1,-1,-1
489,-1,2308,1250,44,37,1,-1,-1,-1
490,-1,2307,1250,44,37,1,-1,-1,-1
491,-1,2287,1243,44,37,1,-1,-1,-1
492,-1,2276,1245,44,37,1,-1,-1,-1
493,-1,2269,1256,43,36,1,-1,-1,-1
494,-1,2265,1268,43,36,1,-1,-1,-1
495,-1,2261,1274,43,36,1,-1,-1,-1
496,-1,2261,1274,43,36,1,-1,-1,-1
497,-1,2259,1274,44,37,1,-1,-1,-1
498,-1,2255,1270,44,37,1,-1,-1,-1
499,-1,2255,1267,44,37,1,-1,-1,-1
500,-1,2255,1264,44,37,1,-1,-1,-1
501,-1,2255,1262,44,37,1,-1,-1,-1
502,-1,2256,1262,44,37,1,-1,-1,-1
503,-1,2258,1263,44,37,1,-1,-1,-1
504,-1,2259,1266,44,37,1,-1,-1,-1
505,-1,2261,1271,44,37,1,-1,-1,-1
506,-1,2263,1282,44,37,1,-1,-1,-1
507,-1,2263,1289,44,37,1,-1,-1,-1
508,-1,2263,1289,44,37,1,-1,-1,-1
509,-1,2266,1293,44,37,1,-1,-1,-1
510,-1,2269,1294,44,37,1,-1,-1,-1
511,-1,2272,1295,44,37,1,-1,-1,-1
512,-1,2275,1294,44,37,1,-1,-1,-1
513,-1,2278,1293,44,37,1,-1,-1,-1
514,-1,2278,1292,44,37,1,-1,-1,-1
515,-1,2281,1290,44,37,1,-1,-1,-1
516,-1,2283,1288,44,37,1,-1,-1,-1
517,-1,2284,1284,44,37,1,-1,-1,-1
518,-1,2286,1280,44,37,1,-1,-1,-1
519,-1,2288,1278,44,37,1,-1,-1,-1
520,-1,2289,1278,44,37,1,-1,-1,-1
521,-1,2291,1277,44,37,1,-1,-1,-1
522,-1,2297,1280,45,38,1,-1,-1,-1
523,-1,2306,1289,45,38,1,-1,-1,-1
524,-1,2314,1299,45,38,1,-1,-1,-1
524,-1,3679,1156,34,33,1,-1,-1,-1
525,-1,3678,1155,34,33,1,-1,-1,-1
526,-1,3680,1157,32,31,1,-1,-1,-1
527,-1,3679,1156,33,32,1,-1,-1,-1
528,-1,3677,1155,36,35,1,-1,-1,-1
528,-1,2328,1285,43,44,1,-1,-1,-1
529,-1,2335,1284,43,44,1,-1,-1,-1
530,-1,2350,1292,44,45,1,-1,-1,-1
531,-1,2366,1312,43,44,1,-1,-1,-1
532,-1,2367,1313,42,43,1,-1,-1,-1
533,-1,2381,1344,41,42,1,-1,-1,-1
534,-1,2387,1382,42,43,1,-1,-1,-1
535,-1,2390,1410,41,42,1,-1,-1,-1
536,-1,2390,1390,41,42,1,-1,-1,-1
537,-1,2389,1370,41,42,1,-1,-1,-1
538,-1,2389,1369,41,42,1,-1,-1,-1
539,-1,2391,1355,42,43,1,-1,-1,-1
540,-1,2395,1343,42,43,1,-1,-1,-1
541,-1,2400,1335,42,43,1,-1,-1,-1
542,-1,2412,1332,42,43,1,-1,-1,-1
543,-1,2430,1332,42,43,1,-1,-1,-1
544,-1,2431,1332,42,43,1,-1,-1,-1
545,-1,2449,1332,41,42,1,-1,-1,-1
546,-1,2471,1336,42,43,1,-1,-1,-1
547,-1,2497,1344,42,43,1,-1,-1,-1
548,-1,2527,1360,42,43,1,-1,-1,-1
549,-1,2554,1386,42,43,1,-1,-1,-1
550,-1,2555,1387,42,43,1,-1,-1,-1
551,-1,2575,1421,41,42,1,-1,-1,-1
552,-1,2593,1457,41,42,1,-1,-1,-1
553,-1,2605,1457,42,43,1,-1,-1,-1
554,-1,2614,1435,42,43,1,-1,-1,-1
555,-1,2622,1413,42,43,1,-1,-1,-1
556,-1,2623,1413,42,43,1,-1,-1,-1
557,-1,2631,1393,42,43,1,-1,-1,-1
558,-1,2652,1382,42,43,1,-1,-1,-1
559,-1,2678,1374,42,43,1,-1,-1,-1
561,-1,2729,1363,37,37,1,-1,-1,-1
562,-1,2729,1363,37,37,1,-1,-1,-1
563,-1,2748,1365,37,37,1,-1,-1,-1
564,-1,2770,1364,37,37,1,-1,-1,-1
565,-1,2792,1363,37,37,1,-1,-1,-1
566,-1,2815,1364,37,37,1,-1,-1,-1
567,-1,2836,1363,38,38,1,-1,-1,-1
568,-1,2836,1362,39,39,1,-1,-1,-1
569,-1,2861,1363,38,38,1,-1,-1,-1
570,-1,2886,1365,38,38,1,-1,-1,-1
571,-1,2878,1377,36,36,1,-1,-1,-1
578,-1,3031,1361,35,35,1,-1,-1,-1
579,-1,3048,1358,34,34,1,-1,-1,-1
580,-1,3048,1358,34,34,1,-1,-1,-1
581,-1,3061,1345,34,34,1,-1,-1,-1
582,-1,3066,1347,33,33,1,-1,-1,-1
583,-1,3073,1354,33,33,1,-1,-1,-1
584,-1,3089,1343,34,34,1,-1,-1,-1
584,-1,3147,1290,44,45,1,-1,-1,-1
585,-1,3165,1286,44,45,1,-1,-1,-1
586,-1,3165,1286,44,45,1,-1,-1,-1
587,-1,3185,1292,44,45,1,-1,-1,-1
588,-1,3203,1300,44,45,1,-1,-1,-1
589,-1,3223,1311,44,45,1,-1,-1,-1
590,-1,3242,1326,44,45,1,-1,-1,-1
591,-1,3262,1342,44,45,1,-1,-1,-1
592,-1,3262,1342,44,45,1,-1,-1,-1
593,-1,3277,1352,44,45,1,-1,-1,-1
594,-1,3257,1352,44,45,1,-1,-1,-1
595,-1,3245,1348,44,45,1,-1,-1,-1
596,-1,3239,1351,44,45,1,-1,-1,-1
597,-1,3231,1359,44,45,1,-1,-1,-1
598,-1,3230,1359,44,45,1,-1,-1,-1
599,-1,3224,1367,44,45,1,-1,-1,-1
600,-1,3217,1376,42,43,1,-1,-1,-1
601,-1,3214,1360,42,43,1,-1,-1,-1
602,-1,3191,1365,41,42,1,-1,-1,-1
603,-1,3170,1370,41,42,1,-1,-1,-1
604,-1,3170,1370,41,42,1,-1,-1,-1
605,-1,3151,1381,41,42,1,-1,-1,-1
605,-1,3202,1414,51,56,1,-1,-1,-1
606,-1,3200,1427,50,54,1,-1,-1,-1
607,-1,3182,1433,50,54,1,-1,-1,-1
608,-1,3161,1438,53,58,1,-1,-1,-1
609,-1,3140,1450,54,59,1,-1,-1,-1
610,-1,3138,1447,57,63,1,-1,-1,-1
611,-1,3119,1456,58,64,1,-1,-1,-1
612,-1,3103,1471,55,60,1,-1,-1,-1
613,-1,3083,1488,55,60,1,-1,-1,-1
614,-1,3064,1504,55,60,1,-1,-1,-1
615,-1,3044,1524,54,59,1,-1,-1,-1
616,-1,3044,1525,54,59,1,-1,-1,-1
617,-1,3027,1535,52,57,1,-1,-1,-1
626,-1,3681,1153,35,34,1,-1,-1,-1
627,-1,3682,1153,34,33,1,-1,-1,-1
628,-1,3683,1154,35,34,1,-1,-1,-1
629,-1,3683,1153,35,34,1,-1,-1,-1
630,-1,3684,1155,35,34,1,-1,-1,-1
631,-1,3685,1155,35,34,1,-1,-1,-1
632,-1,3686,1156,34,33,1,-1,-1,-1
633,-1,3687,1157,34,33,1,-1,-1,-1
634,-1,3687,1157,35,34,1,-1,-1,-1
635,-1,3687,1156,35,34,1,-1,-1,-1
636,-1,3687,1156,35,34,1,-1,-1,-1
637,-1,3689,1157,35,34,1,-1,-1,-1
638,-1,3690,1158,35,34,1,-1,-1,-1
638,-1,2749,1378,56,46,1,-1,-1,-1
639,-1,2738,1347,58,47,1,-1,-1,-1
640,-1,2738,1347,57,46,1,-1,-1,-1
641,-1,2719,1327,57,46,1,-1,-1,-1
646,-1,2577,1308,39,35,1,-1,-1,-1
647,-1,2543,1309,39,35,1,-1,-1,-1
648,-1,2509,1312,38,34,1,-1,-1,-1
649,-1,2475,1317,38,34,1,-1,-1,-1
650,-1,2441,1322,38,34,1,-1,-1,-1
651,-1,2410,1328,38,34,1,-1,-1,-1
652,-1,2408,1328,39,35,1,-1,-1,-1
653,-1,2394,1313,37,33,1,-1,-1,-1
654,-1,2381,1298,38,34,1,-1,-1,-1
655,-1,2366,1284,40,36,1,-1,-1,-1
656,-1,2352,1272,41,37,1,-1,-1,-1
657,-1,2339,1263,41,37,1,-1,-1,-1
658,-1,2338,1262,41,37,1,-1,-1,-1
659,-1,2325,1254,41,37,1,-1,-1,-1
660,-1,2312,1248,42,37,1,-1,-1,-1
661,-1,2298,1244,43,38,1,-1,-1,-1
662,-1,2285,1241,43,39,1,-1,-1,-1
663,-1,2269,1245,43,38,1,-1,-1,-1
664,-1,2268,1246,43,39,1,-1,-1,-1
665,-1,2251,1253,43,38,1,-1,-1,-1
666,-1,2236,1262,43,38,1,-1,-1,-1
667,-1,2226,1244,43,38,1,-1,-1,-1
668,-1,2215,1222,43,38,1,-1,-1,-1
669,-1,2205,1202,42,37,1,-1,-1,-1
670,-1,2205,1201,42,37,1,-1,-1,-1
671,-1,2196,1184,42,37,1,-1,-1,-1
672,-1,2186,1167,42,37,1,-1,-1,-1
673,-1,2175,1153,42,37,1,-1,-1,-1
674,-1,2189,1164,42,37,1,-1,-1,-1
675,-1,2188,1164,41,37,1,-1,-1,-1
676,-1,2188,1164,41,37,1,-1,-1,-1
677,-1,2167,1164,40,36,1,-1,-1,-1
677,-1,3138,1326,42,57,1,-1,-1,-1
678,-1,3126,1333,42,57,1,-1,-1,-1
679,-1,3113,1336,42,57,1,-1,-1,-1
680,-1,3097,1337,42,58,1,-1,-1,-1
681,-1,3080,1337,42,58,1,-1,-1,-1
682,-1,3079,1336,43,59,1,-1,-1,-1
683,-1,3061,1336,44,60,1,-1,-1,-1
684,-1,3042,1338,45,61,1,-1,-1,-1
685,-1,3023,1344,45,61,1,-1,-1,-1
686,-1,3002,1348,46,62,1,-1,-1,-1
687,-1,2983,1349,45,61,1,-1,-1,-1
688,-1,2983,1351,44,60,1,-1,-1,-1
689,-1,2963,1348,43,59,1,-1,-1,-1
690,-1,2941,1342,45,61,1,-1,-1,-1
691,-1,2922,1331,46,62,1,-1,-1,-1
692,-1,2900,1327,47,64,1,-1,-1,-1
693,-1,2877,1326,51,69,1,-1,-1,-1
694,-1,2877,1326,48,65,1,-1,-1,-1
694,-1,1662,1172,42,34,1,-1,-1,-1
695,-1,1641,1156,41,33,1,-1,-1,-1
696,-1,1619,1141,42,34,1,-1,-1,-1
697,-1,1596,1127,42,34,1,-1,-1,-1
698,-1,1573,1115,43,35,1,-1,-1,-1
699,-1,1553,1107,41,33,1,-1,-1,-1
700,-1,1553,1107,41,33,1,-1,-1,-1
701,-1,1563,1118,41,33,1,-1,-1,-1
702,-1,1563,1122,41,33,1,-1,-1,-1
703,-1,1536,1114,41,33,1,-1,-1,-1
704,-1,1513,1110,41,33,1,-1,-1,-1
705,-1,1494,1114,40,32,1,-1,-1,-1
706,-1,1494,1114,40,32,1,-1,-1,-1
706,-1,1414,1149,57,23,1,-1,-1,-1
707,-1,1433,1176,57,23,1,-1,-1,-1
708,-1,1407,1178,58,23,1,-1,-1,-1
709,-1,1380,1173,62,25,1,-1,-1,-1
710,-1,1354,1167,62,25,1,-1,-1,-1
711,-1,1330,1167,62,25,1,-1,-1,-1
712,-1,1329,1166,64,25,1,-1,-1,-1
713,-1,1301,1164,65,26,1,-1,-1,-1
714,-1,1274,1163,65,26,1,-1,-1,-1
715,-1,1248,1166,64,25,1,-1,-1,-1
716,-1,1220,1168,66,26,1,-1,-1,-1
717,-1,1190,1167,68,27,1,-1,-1,-1
718,-1,1189,1167,69,28,1,-1,-1,-1
719,-1,1161,1166,68,27,1,-1,-1,-1
720,-1,1183,1155,68,27,1,-1,-1,-1
721,-1,1171,1141,66,26,1,-1,-1,-1
722,-1,1143,1138,66,26,1,-1,-1,-1
723,-1,1117,1136,66,26,1,-1,-1,-1
724,-1,1118,1136,66,26,1,-1,-1,-1
725,-1,1095,1136,66,26,1,-1,-1,-1
726,-1,1069,1137,68,27,1,-1,-1,-1
727,-1,1056,1108,68,27,1,-1,-1,-1
728,-1,1032,1112,68,27,1,-1,-1,-1
729,-1,1006,1115,70,28,1,-1,-1,-1
730,-1,1005,1115,68,27,1,-1,-1,-1
731,-1,984,1119,66,26,1,-1,-1,-1
731,-1,954,1141,37,31,1,-1,-1,-1
732,-1,931,1137,34,29,1,-1,-1,-1
748,-1,716,1069,21,23,1,-1,-1,-1
749,-1,700,1070,21,23,1,-1,-1,-1
750,-1,686,1071,21,23,1,-1,-1,-1
751,-1,677,1073,21,23,1,-1,-1,-1
752,-1,667,1075,21,23,1,-1,-1,-1
757,-1,629,1079,31,25,1,-1,-1,-1
760,-1,622,1074,31,20,1,-1,-1,-1
761,-1,619,1072,32,21,1,-1,-1,-1
762,-1,615,1071,32,21,1,-1,-1,-1
763,-1,612,1070,32,21,1,-1,-1,-1
764,-1,608,1072,32,21,1,-1,-1,-1
765,-1,606,1075,33,21,1,-1,-1,-1
766,-1,605,1075,32,21,1,-1,-1,-1
767,-1,602,1080,33,21,1,-1,-1,-1
768,-1,601,1086,33,21,1,-1,-1,-1
769,-1,598,1093,33,21,1,-1,-1,-1
770,-1,596,1103,32,21,1,-1,-1,-1
771,-1,596,1113,32,21,1,-1,-1,-1
772,-1,596,1113,32,21,1,-1,-1,-1
773,-1,595,1125,32,21,1,-1,-1,-1
774,-1,593,1137,32,21,1,-1,-1,-1
775,-1,593,1153,32,21,1,-1,-1,-1
776,-1,591,1168,32,21,1,-1,-1,-1
777,-1,592,1185,32,21,1,-1,-1,-1
778,-1,593,1186,31,20,1,-1,-1,-1
779,-1,593,1190,32,21,1,-1,-1,-1
780,-1,588,1189,31,20,1,-1,-1,-1
781,-1,588,1184,31,20,1,-1,-1,-1
782,-1,588,1181,31,20,1,-1,-1,-1
783,-1,588,1179,31,20,1,-1,-1,-1
784,-1,587,1178,31,20,1,-1,-1,-1
785,-1,587,1178,31,20,1,-1,-1,-1
786,-1,586,1178,31,20,1,-1,-1,-1
787,-1,587,1177,31,20,1,-1,-1,-1
788,-1,584,1174,31,20,1,-1,-1,-1
789,-1,584,1176,31,20,1,-1,-1,-1
790,-1,585,1177,31,20,1,-1,-1,-1
791,-1,583,1174,32,21,1,-1,-1,-1
792,-1,581,1174,32,21,1,-1,-1,-1
793,-1,580,1174,31,20,1,-1,-1,-1
794,-1,581,1175,31,20,1,-1,-1,-1
795,-1,581,1174,31,20,1,-1,-1,-1
796,-1,580,1174,31,20,1,-1,-1,-1
804,-1,553,1124,24,19,1,-1,-1,-1
805,-1,552,1128,24,19,1,-1,-1,-1
806,-1,553,1135,23,18,1,-1,-1,-1
807,-1,554,1146,23,18,1,-1,-1,-1
808,-1,554,1147,23,18,1,-1,-1,-1
809,-1,554,1155,24,19,1,-1,-1,-1
810,-1,555,1166,24,19,1,-1,-1,-1
811,-1,556,1178,24,19,1,-1,-1,-1
812,-1,558,1192,24,19,1,-1,-1,-1
813,-1,559,1198,24,19,1,-1,-1,-1
814,-1,559,1198,24,19,1,-1,-1,-1
815,-1,556,1184,24,19,1,-1,-1,-1
816,-1,553,1170,24,19,1,-1,-1,-1
817,-1,549,1157,24,19,1,-1,-1,-1
818,-1,546,1146,24,19,1,-1,-1,-1
819,-1,544,1136,24,19,1,-1,-1,-1
820,-1,543,1136,24,19,1,-1,-1,-1
821,-1,542,1127,24,19,1,-1,-1,-1
822,-1,539,1120,23,18,1,-1,-1,-1
823,-1,537,1113,24,19,1,-1,-1,-1
824,-1,535,1109,24,19,1,-1,-1,-1
825,-1,534,1105,23,18,1,-1,-1,-1
826,-1,534,1105,23,18,1,-1,-1,-1
827,-1,533,1103,23,18,1,-1,-1,-1
828,-1,532,1103,23,18,1,-1,-1,-1
829,-1,531,1103,23,18,1,-1,-1,-1
830,-1,531,1104,23,18,1,-1,-1,-1
831,-1,529,1103,23,18,1,-1,-1,-1
832,-1,530,1102,23,18,1,-1,-1,-1
833,-1,528,1101,23,18,1,-1,-1,-1
834,-1,526,1101,23,18,1,-1,-1,-1
835,-1,525,1103,23,18,1,-1,-1,-1
836,-1,525,1105,23,18,1,-1,-1,-1
837,-1,524,1108,23,18,1,-1,-1,-1
838,-1,525,1108,23,18,1,-1,-1,-1
