0,-1,3129.152587890625,1391.1048583984375,46.0,46.0,1,-1,-1,-1
1,-1,3157.03759765625,1384.1695556640625,45.0,43.0,1,-1,-1,-1
2,-1,3133.14208984375,1371.0216064453125,44.0,43.0,1,-1,-1,-1
3,-1,3138.06884765625,1363.1573486328125,43.13725662231445,42.156864166259766,1,-1,-1,-1
4,-1,3138.872802734375,1362.53759765625,44.0,43.0,1,-1,-1,-1
5,-1,3138.990966796875,1352.3118896484375,44.0,45.0,1,-1,-1,-1
6,-1,3149.112060546875,1348.1654052734375,42.29142761230469,43.25259780883789,1,-1,-1,-1
7,-1,3162.22509765625,1338.1380615234375,38.0,40.0,1,-1,-1,-1
8,-1,3169.09228515625,1331.0841064453125,44.0,43.0,1,-1,-1,-1
9,-1,3182.149169921875,1323.013671875,44.0,47.0,1,-1,-1,-1
10,-1,3182.099365234375,1323.04443359375,45.0,47.0,1,-1,-1,-1
11,-1,3197.944580078125,1313.588623046875,44.117645263671875,46.07843017578125,1,-1,-1,-1
12,-1,3214.305419921875,1306.0474853515625,44.117645263671875,46.07843017578125,1,-1,-1,-1
13,-1,3236.08056640625,1298.34423828125,44.117645263671875,46.07843017578125,1,-1,-1,-1
14,-1,3254.980224609375,1289.1434326171875,43.0,41.0,1,-1,-1,-1
15,-1,3272.12158203125,1288.0848388671875,41.0,38.0,1,-1,-1,-1
16,-1,3272.11474609375,1288.0826416015625,41.0,38.0,1,-1,-1,-1
17,-1,3291.1337890625,1288.1802978515625,41.0,41.0,1,-1,-1,-1
18,-1,3306.08740234375,1292.1451416015625,41.0,40.0,1,-1,-1,-1
19,-1,3321.241455078125,1297.2386474609375,42.0,41.0,1,-1,-1,-1
20,-1,3337.0302734375,1303.052490234375,42.0,42.0,1,-1,-1,-1
21,-1,3350.05419921875,1311.166259765625,41.0,45.0,1,-1,-1,-1
22,-1,3350.0634765625,1311.1663818359375,41.0,45.0,1,-1,-1,-1
23,-1,3364.0703125,1324.0589599609375,41.0,44.0,1,-1,-1,-1
24,-1,3377.131103515625,1334.061767578125,43.0,43.0,1,-1,-1,-1
25,-1,3390.189208984375,1348.1710205078125,41.0,42.0,1,-1,-1,-1
26,-1,3403.0966796875,1362.0447998046875,40.0,43.0,1,-1,-1,-1
27,-1,3413.16162109375,1377.5819091796875,42.44831466674805,45.63193893432617,1,-1,-1,-1
28,-1,3413.4208984375,1377.8504638671875,42.44831466674805,45.63193893432617,1,-1,-1,-1
29,-1,3426.1416015625,1402.1121826171875,38.0,39.0,1,-1,-1,-1
30,-1,3436.004150390625,1420.0908203125,39.0,40.0,1,-1,-1,-1
31,-1,3448.111328125,1442.050048828125,37.0,36.0,1,-1,-1,-1
32,-1,3457.934326171875,1451.196533203125,35.0,38.0,1,-1,-1,-1
33,-1,3466.06396484375,1422.006103515625,39.0,42.0,1,-1,-1,-1
34,-1,3465.685546875,1421.578857421875,39.779998779296875,42.84000015258789,1,-1,-1,-1
35,-1,3478.13671875,1400.13525390625,38.0,38.0,1,-1,-1,-1
36,-1,3488.263916015625,1377.5367431640625,39.53519821166992,39.53519821166992,1,-1,-1,-1
37,-1,3498.835693359375,1357.8221435546875,38.75999450683594,38.75999450683594,1,-1,-1,-1
38,-1,3503.03125,1339.1044921875,41.0,40.0,1,-1,-1,-1
39,-1,3514.992431640625,1325.0645751953125,41.0,36.0,1,-1,-1,-1
40,-1,3514.99609375,1325.0616455078125,41.0,36.0,1,-1,-1,-1
41,-1,3522.78125,1310.1126708984375,41.81999969482422,36.720001220703125,1,-1,-1,-1
42,-1,3531.760009765625,1299.208740234375,43.509525299072266,38.20348358154297,1,-1,-1,-1
43,-1,3537.354736328125,1288.508544921875,45.267303466796875,39.74689865112305,1,-1,-1,-1
44,-1,3545.51953125,1279.1435546875,45.267303466796875,39.74689865112305,1,-1,-1,-1
45,-1,3549.558349609375,1270.810546875,46.17264938354492,40.541839599609375,1,-1,-1,-1
46,-1,3551.56103515625,1271.4595947265625,44.37970733642578,38.96754837036133,1,-1,-1,-1
47,-1,3556.746337890625,1269.4866943359375,45.267303466796875,39.74689865112305,1,-1,-1,-1
48,-1,3560.122314453125,1264.98486328125,45.267303466796875,39.74689865112305,1,-1,-1,-1
49,-1,3559.239990234375,1266.841064453125,44.37970733642578,38.96754837036133,1,-1,-1,-1
50,-1,3557.173828125,1269.637939453125,43.509517669677734,38.2034797668457,1,-1,-1,-1
51,-1,3555.427001953125,1274.9808349609375,42.65639114379883,37.45439147949219,1,-1,-1,-1
52,-1,3554.94970703125,1274.731689453125,41.81998825073242,36.71998977661133,1,-1,-1,-1
53,-1,3551.585205078125,1281.3519287109375,40.19607162475586,35.29411315917969,1,-1,-1,-1
54,-1,3545.005126953125,1287.803466796875,40.99999237060547,35.99999237060547,1,-1,-1,-1
55,-1,3536.935791015625,1291.161865234375,41.81998825073242,36.71998977661133,1,-1,-1,-1
56,-1,3532.533203125,1289.60791015625,43.50951385498047,38.20347595214844,1,-1,-1,-1
57,-1,3528.476318359375,1284.4586181640625,41.81998825073242,36.71998977661133,1,-1,-1,-1
58,-1,3527.5146484375,1283.7642822265625,41.81998825073242,36.71998977661133,1,-1,-1,-1
59,-1,3522.638671875,1273.8538818359375,43.50951385498047,38.20347595214844,1,-1,-1,-1
60,-1,3520.031494140625,1263.443603515625,44.379703521728516,38.96754455566406,1,-1,-1,-1
61,-1,3517.533935546875,1254.017578125,44.379703521728516,38.96754455566406,1,-1,-1,-1
62,-1,3516.6923828125,1244.70751953125,44.379703521728516,38.96754455566406,1,-1,-1,-1
63,-1,3517.329345703125,1237.10302734375,42.65638732910156,37.45438766479492,1,-1,-1,-1
64,-1,3515.526123046875,1236.4083251953125,43.50951385498047,38.20347595214844,1,-1,-1,-1
65,-1,3515.718505859375,1230.3160400390625,44.379703521728516,38.96754455566406,1,-1,-1,-1
66,-1,3517.72509765625,1225.447021484375,44.379703521728516,38.96754455566406,1,-1,-1,-1
67,-1,3518.259765625,1220.7398681640625,44.379703521728516,38.96754455566406,1,-1,-1,-1
68,-1,3518.8994140625,1217.2108154296875,43.50951385498047,38.20347595214844,1,-1,-1,-1
69,-1,3518.800537109375,1214.1014404296875,44.379703521728516,38.96754455566406,1,-1,-1,-1
70,-1,3518.78955078125,1214.199951171875,45.26729965209961,39.74689483642578,1,-1,-1,-1
71,-1,3520.05517578125,1212.002685546875,40.0,40.0,1,-1,-1,-1
72,-1,3519.01953125,1210.468505859375,41.615997314453125,41.615997314453125,1,-1,-1,-1
73,-1,3519.936767578125,1210.447021484375,40.79999542236328,40.79999542236328,1,-1,-1,-1
74,-1,3518.677978515625,1209.4410400390625,39.999996185302734,39.999996185302734,1,-1,-1,-1
75,-1,3517.138427734375,1208.4085693359375,39.999996185302734,39.999996185302734,1,-1,-1,-1
76,-1,3517.430419921875,1209.386474609375,38.446746826171875,38.446746826171875,1,-1,-1,-1
77,-1,3514.229248046875,1208.9129638671875,38.446746826171875,38.446746826171875,1,-1,-1,-1
78,-1,3508.90576171875,1205.8177490234375,39.99999237060547,39.99999237060547,1,-1,-1,-1
79,-1,3503.616943359375,1202.243896484375,39.99999237060547,39.99999237060547,1,-1,-1,-1
80,-1,3494.34326171875,1193.9764404296875,39.99999237060547,39.99999237060547,1,-1,-1,-1
81,-1,3471.064697265625,1170.01220703125,45.0,46.0,1,-1,-1,-1
82,-1,3471.06982421875,1170.013427734375,45.0,46.0,1,-1,-1,-1
83,-1,3451.0947265625,1152.1533203125,40.0,43.0,1,-1,-1,-1
84,-1,3427.44677734375,1136.8419189453125,40.79999923706055,43.86000061035156,1,-1,-1,-1
85,-1,3405.875244140625,1122.7117919921875,40.79999923706055,43.86000061035156,1,-1,-1,-1
86,-1,3380.185791015625,1111.2596435546875,41.615997314453125,44.73719787597656,1,-1,-1,-1
87,-1,3352.06787109375,1101.1964111328125,42.44831466674805,45.63193893432617,1,-1,-1,-1
88,-1,3350.544921875,1099.66943359375,43.297279357910156,46.544578552246094,1,-1,-1,-1
89,-1,3325.985107421875,1090.0572509765625,41.615997314453125,44.73719787597656,1,-1,-1,-1
90,-1,3297.265625,1084.7001953125,41.615997314453125,44.73719787597656,1,-1,-1,-1
91,-1,3268.77099609375,1079.645751953125,41.615997314453125,44.73719787597656,1,-1,-1,-1
92,-1,3241.754150390625,1076.75146484375,40.79999542236328,43.85999298095703,1,-1,-1,-1
93,-1,3213.307373046875,1076.4300537109375,40.79999542236328,43.85999298095703,1,-1,-1,-1
94,-1,3213.221923828125,1076.3934326171875,40.79999542236328,43.85999298095703,1,-1,-1,-1
95,-1,3184.52294921875,1077.945068359375,40.79999542236328,43.85999298095703,1,-1,-1,-1
96,-1,3156.466064453125,1081.7686767578125,40.79999542236328,43.85999298095703,1,-1,-1,-1
97,-1,3123.07763671875,1086.0634765625,44.0,44.0,1,-1,-1,-1
98,-1,3095.001708984375,1094.110107421875,39.0,44.0,1,-1,-1,-1
99,-1,3062.975830078125,1105.1131591796875,39.0,40.0,1,-1,-1,-1
100,-1,3062.0966796875,1105.102783203125,40.0,40.0,1,-1,-1,-1
101,-1,3031.074951171875,1116.114501953125,41.0,40.0,1,-1,-1,-1
102,-1,2999.946533203125,1130.1563720703125,39.0,40.0,1,-1,-1,-1
103,-1,2968.2841796875,1145.4586181640625,39.779998779296875,40.79999923706055,1,-1,-1,-1
104,-1,2935.16357421875,1163.142578125,41.0,43.0,1,-1,-1,-1
105,-1,2902.983642578125,1180.104248046875,42.0,44.0,1,-1,-1,-1
106,-1,2902.98583984375,1180.1087646484375,42.0,44.0,1,-1,-1,-1
107,-1,2874.085693359375,1207.12548828125,38.0,47.0,1,-1,-1,-1
108,-1,2842.227294921875,1231.1795654296875,37.25490188598633,46.07843017578125,1,-1,-1,-1
109,-1,2870.2373046875,1234.7044677734375,36.5244140625,45.174930572509766,1,-1,-1,-1
110,-1,2870.6826171875,1237.041259765625,36.5244140625,45.174930572509766,1,-1,-1,-1
111,-1,2871.113037109375,1238.6827392578125,37.25489807128906,46.07843017578125,1,-1,-1,-1
112,-1,2871.16455078125,1239.219970703125,37.25489807128906,46.07843017578125,1,-1,-1,-1
113,-1,2870.966064453125,1240.594482421875,38.75999450683594,47.93999481201172,1,-1,-1,-1
114,-1,2871.0126953125,1242.2950439453125,38.75999450683594,47.93999481201172,1,-1,-1,-1
115,-1,2627.083740234375,1425.10302734375,44.0,44.0,1,-1,-1,-1
116,-1,2592.08544921875,1465.8499755859375,44.0,44.0,1,-1,-1,-1
117,-1,2559.01318359375,1506.214111328125,44.0,44.0,1,-1,-1,-1
118,-1,2561.0390625,1506.2412109375,39.0,41.0,1,-1,-1,-1
119,-1,2527.20947265625,1545.8043212890625,39.0,41.0,1,-1,-1,-1
120,-1,2497.12060546875,1568.094482421875,41.0,44.0,1,-1,-1,-1
121,-1,2483.130859375,1540.197998046875,41.0,40.0,1,-1,-1,-1
122,-1,2467.029296875,1514.0635986328125,43.0,42.0,1,-1,-1,-1
123,-1,2451.176025390625,1487.1436767578125,41.0,43.0,1,-1,-1,-1
124,-1,2451.183349609375,1487.13525390625,41.0,43.0,1,-1,-1,-1
125,-1,2438.0986328125,1467.0615234375,40.0,42.0,1,-1,-1,-1
126,-1,2421.06787109375,1445.065673828125,43.0,44.0,1,-1,-1,-1
127,-1,2405.115478515625,1424.0897216796875,41.0,44.0,1,-1,-1,-1
128,-1,2388.06201171875,1409.1715087890625,40.0,44.0,1,-1,-1,-1
129,-1,2372.0634765625,1393.248779296875,41.0,45.0,1,-1,-1,-1
130,-1,2372.05419921875,1393.26025390625,41.0,45.0,1,-1,-1,-1
131,-1,2353.2119140625,1378.155517578125,46.0,47.0,1,-1,-1,-1
132,-1,2338.026611328125,1368.278564453125,43.0,46.0,1,-1,-1,-1
133,-1,2321.212646484375,1360.1507568359375,43.0,45.0,1,-1,-1,-1
134,-1,2305.294921875,1355.1905517578125,42.0,45.0,1,-1,-1,-1
135,-1,2288.00390625,1350.2518310546875,43.0,46.0,1,-1,-1,-1
136,-1,2288.015625,1350.251953125,43.0,46.0,1,-1,-1,-1
137,-1,2270.001220703125,1348.1868896484375,43.0,44.0,1,-1,-1,-1
138,-1,2257.01953125,1349.1705322265625,40.0,44.0,1,-1,-1,-1
139,-1,2249.947265625,1346.2149658203125,39.0,44.0,1,-1,-1,-1
140,-1,2248.2490234375,1346.0455322265625,41.0,46.0,1,-1,-1,-1
141,-1,2249.094970703125,1350.2159423828125,40.0,46.0,1,-1,-1,-1
142,-1,2249.099609375,1350.220947265625,40.0,46.0,1,-1,-1,-1
143,-1,2249.10498046875,1356.06884765625,40.0,50.0,1,-1,-1,-1
144,-1,2251.96435546875,1367.0235595703125,43.0,50.0,1,-1,-1,-1
145,-1,2256.04833984375,1375.1500244140625,43.0,55.0,1,-1,-1,-1
146,-1,2260.00244140625,1387.0450439453125,45.0,54.0,1,-1,-1,-1
147,-1,2263.985107421875,1401.1109619140625,44.0,49.0,1,-1,-1,-1
148,-1,2263.97802734375,1401.1158447265625,44.0,49.0,1,-1,-1,-1
149,-1,2268.9765625,1412.083740234375,44.0,48.0,1,-1,-1,-1
150,-1,2273.90283203125,1429.13525390625,41.0,49.0,1,-1,-1,-1
151,-1,2273.974365234375,1446.0986328125,45.0,49.0,1,-1,-1,-1
152,-1,2277.001220703125,1467.05859375,47.0,47.0,1,-1,-1,-1
153,-1,2279.939208984375,1488.1275634765625,47.0,44.0,1,-1,-1,-1
154,-1,2279.9423828125,1488.1331787109375,47.0,44.0,1,-1,-1,-1
155,-1,2282.02294921875,1511.1337890625,46.0,46.0,1,-1,-1,-1
156,-1,2283.878173828125,1538.109130859375,47.0,45.0,1,-1,-1,-1
157,-1,2281.925537109375,1562.0836181640625,51.0,47.0,1,-1,-1,-1
158,-1,2287.10546875,1596.9957275390625,47.0,43.0,1,-1,-1,-1
159,-1,2288.180419921875,1627.083251953125,49.0,46.0,1,-1,-1,-1
160,-1,2288.04541015625,1628.2257080078125,49.0,45.0,1,-1,-1,-1
161,-1,2288.03271484375,1661.013916015625,48.0,47.0,1,-1,-1,-1
162,-1,2287.992431640625,1637.9931640625,48.0,47.0,1,-1,-1,-1
163,-1,2289.963623046875,1624.064208984375,48.0,44.0,1,-1,-1,-1
164,-1,2294.1025390625,1609.98681640625,42.0,45.0,1,-1,-1,-1
165,-1,2297.953857421875,1587.0855712890625,45.0,45.0,1,-1,-1,-1
166,-1,2297.961181640625,1587.0859375,45.0,45.0,1,-1,-1,-1
167,-1,2293.98974609375,1574.1142578125,49.0,48.0,1,-1,-1,-1
168,-1,2295.974609375,1562.1072998046875,49.0,49.0,1,-1,-1,-1
169,-1,2296.965576171875,1554.0458984375,49.0,48.0,1,-1,-1,-1
170,-1,2301.9033203125,1553.0322265625,50.0,47.0,1,-1,-1,-1
171,-1,2307.056396484375,1552.9600830078125,49.0,46.0,1,-1,-1,-1
172,-1,2307.96826171875,1553.1212158203125,48.0,46.0,1,-1,-1,-1
173,-1,2312.006591796875,1553.0887451171875,49.0,49.0,1,-1,-1,-1
174,-1,2317.954345703125,1553.0079345703125,47.0,47.0,1,-1,-1,-1
175,-1,2322.016357421875,1552.1104736328125,47.0,46.0,1,-1,-1,-1
176,-1,2324.958740234375,1551.0604248046875,49.0,44.0,1,-1,-1,-1
177,-1,2329.979736328125,1547.08544921875,49.0,45.0,1,-1,-1,-1
178,-1,2329.979248046875,1547.0787353515625,49.0,45.0,1,-1,-1,-1
179,-1,2337.9677734375,1542.170654296875,48.0,46.0,1,-1,-1,-1
180,-1,2342.004638671875,1539.1846923828125,48.0,45.0,1,-1,-1,-1
181,-1,2343.00537109375,1535.1484375,49.0,45.0,1,-1,-1,-1
182,-1,2345.00927734375,1532.076416015625,49.0,48.0,1,-1,-1,-1
183,-1,2344.040771484375,1530.105712890625,51.0,48.0,1,-1,-1,-1
184,-1,2344.041748046875,1530.0982666015625,51.0,48.0,1,-1,-1,-1
185,-1,2345.99072265625,1527.083984375,51.0,48.0,1,-1,-1,-1
186,-1,2347.011474609375,1528.0723876953125,48.0,49.0,1,-1,-1,-1
187,-1,2347.048828125,1527.0325927734375,47.0,51.0,1,-1,-1,-1
188,-1,2346.957763671875,1529.1761474609375,43.0,48.0,1,-1,-1,-1
189,-1,2341.999267578125,1529.0738525390625,45.0,47.0,1,-1,-1,-1
190,-1,2342.0029296875,1529.074951171875,45.0,47.0,1,-1,-1,-1
191,-1,2342.016845703125,1531.1346435546875,41.0,44.0,1,-1,-1,-1
192,-1,2340.04736328125,1532.117431640625,41.0,44.0,1,-1,-1,-1
193,-1,2339.0048828125,1533.000732421875,40.0,42.0,1,-1,-1,-1
194,-1,2336.90380859375,1534.227294921875,41.0,41.0,1,-1,-1,-1
195,-1,2336.858642578125,1535.247314453125,38.0,42.0,1,-1,-1,-1
196,-1,2336.97607421875,1534.93994140625,38.0,43.0,1,-1,-1,-1
197,-1,2335.913330078125,1538.240234375,38.0,41.0,1,-1,-1,-1
198,-1,2332.04638671875,1536.0296630859375,40.0,42.0,1,-1,-1,-1
199,-1,2330.973876953125,1536.028076171875,40.0,42.0,1,-1,-1,-1
200,-1,2330.079833984375,1536.101806640625,42.0,45.0,1,-1,-1,-1
201,-1,2328.044677734375,1536.0966796875,46.0,47.0,1,-1,-1,-1
202,-1,2328.054443359375,1536.0728759765625,46.0,48.0,1,-1,-1,-1
203,-1,2331.091064453125,1541.0941162109375,46.0,52.0,1,-1,-1,-1
204,-1,2328.17578125,1550.219482421875,50.0,49.0,1,-1,-1,-1
205,-1,2331.0185546875,1557.1197509765625,49.0,52.0,1,-1,-1,-1
206,-1,2329.459716796875,1564.619384765625,50.98039245605469,50.0,1,-1,-1,-1
207,-1,2329.010986328125,1570.0760498046875,47.0,48.0,1,-1,-1,-1
208,-1,2329.00341796875,1570.077392578125,47.0,48.0,1,-1,-1,-1
209,-1,2327.163330078125,1577.20751953125,47.0,46.0,1,-1,-1,-1
210,-1,2324.142333984375,1581.18701171875,47.0,46.0,1,-1,-1,-1
211,-1,2321.205810546875,1585.140625,46.0,46.0,1,-1,-1,-1
212,-1,2317.160400390625,1588.0421142578125,47.0,43.0,1,-1,-1,-1
213,-1,2313.204345703125,1587.07421875,49.0,47.0,1,-1,-1,-1
214,-1,2314.140625,1588.235595703125,47.0,46.0,1,-1,-1,-1
215,-1,2311.201416015625,1590.0831298828125,49.0,46.0,1,-1,-1,-1
216,-1,2307.074951171875,1590.087158203125,49.0,48.0,1,-1,-1,-1
217,-1,2304.012451171875,1592.102294921875,50.0,48.0,1,-1,-1,-1
218,-1,2302.09228515625,1592.1055908203125,48.0,49.0,1,-1,-1,-1
219,-1,2299.033447265625,1594.0989990234375,47.0,48.0,1,-1,-1,-1
220,-1,2299.035400390625,1594.1041259765625,47.0,48.0,1,-1,-1,-1
221,-1,2294.03466796875,1595.09228515625,50.0,47.0,1,-1,-1,-1
222,-1,2289.01123046875,1596.1561279296875,50.0,48.0,1,-1,-1,-1
223,-1,2285.18701171875,1598.22314453125,50.0,49.0,1,-1,-1,-1
224,-1,2282.152587890625,1600.155517578125,49.0,51.0,1,-1,-1,-1
225,-1,2279.091552734375,1604.1083984375,49.0,49.0,1,-1,-1,-1
226,-1,2279.1015625,1604.1053466796875,49.0,49.0,1,-1,-1,-1
227,-1,2272.053466796875,1608.089111328125,52.0,50.0,1,-1,-1,-1
228,-1,2268.0908203125,1612.138916015625,47.0,47.0,1,-1,-1,-1
229,-1,2264.127197265625,1616.0950927734375,46.0,48.0,1,-1,-1,-1
230,-1,2257.961669921875,1620.1617431640625,47.0,49.0,1,-1,-1,-1
231,-1,2252.071533203125,1623.0469970703125,47.0,50.0,1,-1,-1,-1
232,-1,2252.06982421875,1623.048583984375,47.0,50.0,1,-1,-1,-1
233,-1,2246.118896484375,1624.105224609375,49.0,51.0,1,-1,-1,-1
234,-1,2244.13671875,1626.0003662109375,47.0,50.0,1,-1,-1,-1
235,-1,2241.446044921875,1628.584716796875,45.09803771972656,48.039215087890625,1,-1,-1,-1
236,-1,2234.144775390625,1629.16455078125,49.0,50.0,1,-1,-1,-1
237,-1,2227.0771484375,1630.0501708984375,51.0,52.0,1,-1,-1,-1
238,-1,2227.08251953125,1630.0550537109375,51.0,52.0,1,-1,-1,-1
239,-1,2222.013427734375,1630.1121826171875,50.0,53.0,1,-1,-1,-1
240,-1,2217.804443359375,1631.707275390625,49.01960754394531,51.960784912109375,1,-1,-1,-1
241,-1,2209.00927734375,1633.0665283203125,51.0,54.0,1,-1,-1,-1
242,-1,2206.1005859375,1636.1910400390625,49.0,50.0,1,-1,-1,-1
243,-1,2201.092041015625,1636.19384765625,49.0,50.0,1,-1,-1,-1
244,-1,2201.0927734375,1636.1883544921875,49.0,50.0,1,-1,-1,-1
245,-1,2195.9931640625,1637.1458740234375,47.0,49.0,1,-1,-1,-1
246,-1,2188.010498046875,1637.042724609375,50.0,50.0,1,-1,-1,-1
247,-1,2181.01953125,1638.0667724609375,51.0,49.0,1,-1,-1,-1
248,-1,2178.033203125,1638.0234375,48.0,48.0,1,-1,-1,-1
249,-1,2173.982666015625,1639.0543212890625,47.0,49.0,1,-1,-1,-1
250,-1,2173.9853515625,1639.057861328125,47.0,49.0,1,-1,-1,-1
251,-1,2165.991943359375,1640.00341796875,48.0,50.0,1,-1,-1,-1
252,-1,2159.0546875,1640.056396484375,49.0,49.0,1,-1,-1,-1
253,-1,2150.947509765625,1640.03466796875,52.0,51.0,1,-1,-1,-1
254,-1,2148.466064453125,1639.4515380859375,46.07843017578125,49.01960754394531,1,-1,-1,-1
255,-1,2143.475830078125,1638.458984375,47.05882263183594,49.01960754394531,1,-1,-1,-1
256,-1,2142.9912109375,1638.0020751953125,47.0,50.0,1,-1,-1,-1
257,-1,2137.9462890625,1638.048095703125,46.0,49.0,1,-1,-1,-1
258,-1,2132.9345703125,1637.994140625,47.0,48.0,1,-1,-1,-1
259,-1,2125.011474609375,1638.001708984375,53.0,48.0,1,-1,-1,-1
260,-1,2121.52978515625,1637.4876708984375,50.885406494140625,49.000762939453125,1,-1,-1,-1
261,-1,2116.99853515625,1636.991455078125,52.0,51.0,1,-1,-1,-1
262,-1,2116.998046875,1636.9970703125,52.0,51.0,1,-1,-1,-1
263,-1,2113.0458984375,1637.9884033203125,54.0,51.0,1,-1,-1,-1
264,-1,2109.635009765625,1638.864013671875,52.94117736816406,50.0,1,-1,-1,-1
265,-1,2106.0556640625,1638.0557861328125,53.0,51.0,1,-1,-1,-1
266,-1,2102.006591796875,1643.12548828125,51.0,46.0,1,-1,-1,-1
267,-1,2098.1025390625,1641.9932861328125,49.0,47.0,1,-1,-1,-1
268,-1,2098.966796875,1641.029052734375,47.0,48.0,1,-1,-1,-1
269,-1,2096.167236328125,1643.097900390625,45.0,48.0,1,-1,-1,-1
270,-1,2093.954345703125,1644.101806640625,43.0,47.0,1,-1,-1,-1
271,-1,2085.02099609375,1645.057861328125,48.0,49.0,1,-1,-1,-1
272,-1,2079.15673828125,1646.0689697265625,50.0,49.0,1,-1,-1,-1
273,-1,2073.029541015625,1649.0150146484375,52.0,48.0,1,-1,-1,-1
274,-1,2073.04638671875,1649.01611328125,52.0,48.0,1,-1,-1,-1
275,-1,2065.063720703125,1650.0701904296875,54.0,48.0,1,-1,-1,-1
276,-1,2060.066162109375,1649.0263671875,54.0,50.0,1,-1,-1,-1
277,-1,2058.07861328125,1649.033447265625,53.0,48.0,1,-1,-1,-1
278,-1,2054.031494140625,1649.0050048828125,52.0,48.0,1,-1,-1,-1
279,-1,2049.999267578125,1648.0523681640625,52.0,49.0,1,-1,-1,-1
280,-1,2050.00634765625,1648.0555419921875,52.0,49.0,1,-1,-1,-1
281,-1,2047.09375,1646.074462890625,51.0,49.0,1,-1,-1,-1
282,-1,2043.015869140625,1646.132568359375,52.0,46.0,1,-1,-1,-1
283,-1,2042.134521484375,1644.9854736328125,50.0,46.0,1,-1,-1,-1
284,-1,2039.0107421875,1644.10302734375,49.0,48.0,1,-1,-1,-1
285,-1,2037.042724609375,1642.01708984375,48.0,49.0,1,-1,-1,-1
286,-1,2037.038818359375,1642.0126953125,48.0,49.0,1,-1,-1,-1
287,-1,2034.04736328125,1640.9854736328125,47.0,50.0,1,-1,-1,-1
288,-1,2032.044189453125,1640.0101318359375,47.0,51.0,1,-1,-1,-1
289,-1,2031.053955078125,1638.001708984375,47.0,50.0,1,-1,-1,-1
290,-1,2030.132568359375,1635.9727783203125,46.0,51.0,1,-1,-1,-1
291,-1,2028.936767578125,1636.0938720703125,46.0,50.0,1,-1,-1,-1
292,-1,2028.916259765625,1636.060546875,47.0,49.0,1,-1,-1,-1
293,-1,2026.010986328125,1631.048095703125,48.0,51.0,1,-1,-1,-1
294,-1,2022.081298828125,1626.09130859375,48.0,55.0,1,-1,-1,-1
295,-1,2018.0491943359375,1624.0936279296875,51.0,56.0,1,-1,-1,-1
296,-1,2015.0054931640625,1623.0859375,50.0,53.0,1,-1,-1,-1
297,-1,2012.0206298828125,1623.0640869140625,52.0,52.0,1,-1,-1,-1
298,-1,2012.0361328125,1623.0618896484375,52.0,52.0,1,-1,-1,-1
299,-1,2011.0523681640625,1621.0299072265625,49.0,52.0,1,-1,-1,-1
300,-1,2009.0859375,1620.077392578125,49.0,51.0,1,-1,-1,-1
301,-1,2009.0858154296875,1617.9775390625,47.0,51.0,1,-1,-1,-1
302,-1,2006.0902099609375,1617.1474609375,49.0,50.0,1,-1,-1,-1
303,-1,2004.0159912109375,1616.08203125,50.0,52.0,1,-1,-1,-1
304,-1,2004.011474609375,1616.0731201171875,50.0,52.0,1,-1,-1,-1
305,-1,2001.0350341796875,1614.12158203125,53.0,53.0,1,-1,-1,-1
306,-1,2000.996337890625,1613.126220703125,52.0,53.0,1,-1,-1,-1
307,-1,2001.0181884765625,1612.0894775390625,52.0,54.0,1,-1,-1,-1
308,-1,2001.003173828125,1612.042236328125,53.0,52.0,1,-1,-1,-1
309,-1,2001.0255126953125,1611.0594482421875,53.0,53.0,1,-1,-1,-1
310,-1,2001.028076171875,1611.0682373046875,53.0,53.0,1,-1,-1,-1
311,-1,2001.00341796875,1610.081787109375,52.0,54.0,1,-1,-1,-1
312,-1,2000.987548828125,1610.0621337890625,53.0,54.0,1,-1,-1,-1
313,-1,2002.0128173828125,1610.07958984375,52.0,53.0,1,-1,-1,-1
314,-1,2003.0115966796875,1610.06591796875,52.0,53.0,1,-1,-1,-1
315,-1,2003.013671875,1610.0633544921875,52.0,53.0,1,-1,-1,-1
316,-1,2004.037841796875,1610.0860595703125,51.0,53.0,1,-1,-1,-1
317,-1,2004.041015625,1611.07421875,52.0,50.0,1,-1,-1,-1
318,-1,2009.0506591796875,1612.0621337890625,48.0,49.0,1,-1,-1,-1
319,-1,2013.0478515625,1612.096923828125,47.0,48.0,1,-1,-1,-1
320,-1,2017.0457763671875,1611.08642578125,48.0,52.0,1,-1,-1,-1
321,-1,2017.050537109375,1611.08984375,48.0,52.0,1,-1,-1,-1
322,-1,2023.088623046875,1611.1075439453125,49.0,49.0,1,-1,-1,-1
323,-1,2027.0517578125,1613.01123046875,52.0,47.0,1,-1,-1,-1
324,-1,2035.9334716796875,1613.0054931640625,48.058441162109375,45.17493438720703,1,-1,-1,-1
325,-1,2045.9599609375,1609.130615234375,47.0,48.0,1,-1,-1,-1
326,-1,2057.03173828125,1605.03662109375,47.0,47.0,1,-1,-1,-1
327,-1,2057.03173828125,1605.0367431640625,47.0,47.0,1,-1,-1,-1
328,-1,2065.05859375,1600.0343017578125,48.0,48.0,1,-1,-1,-1
329,-1,2074.1591796875,1593.09423828125,46.0,48.0,1,-1,-1,-1
330,-1,2083.019287109375,1587.1744384765625,48.0,46.0,1,-1,-1,-1
331,-1,2090.17041015625,1581.0843505859375,50.0,45.0,1,-1,-1,-1
332,-1,2090.076171875,1566.1357421875,49.0,49.0,1,-1,-1,-1
333,-1,2090.08349609375,1566.1455078125,49.0,49.0,1,-1,-1,-1
334,-1,2082.04736328125,1553.140869140625,48.0,52.0,1,-1,-1,-1
335,-1,2076.1689453125,1545.1063232421875,46.0,52.0,1,-1,-1,-1
336,-1,2074.030029296875,1543.0601806640625,46.0,54.0,1,-1,-1,-1
337,-1,2082.083740234375,1546.1883544921875,45.0,51.0,1,-1,-1,-1
338,-1,2107.07177734375,1555.1005859375,44.0,49.0,1,-1,-1,-1
339,-1,2107.072509765625,1555.1025390625,44.0,49.0,1,-1,-1,-1
340,-1,2139.197265625,1570.1326904296875,46.0,47.0,1,-1,-1,-1
341,-1,2177.83447265625,1589.323486328125,46.0,47.0,1,-1,-1,-1
342,-1,2213.201416015625,1611.171875,46.0,47.0,1,-1,-1,-1
343,-1,2251.454345703125,1630.59130859375,47.858394622802734,48.89879608154297,1,-1,-1,-1
344,-1,2283.83447265625,1654.680419921875,49.791866302490234,50.874298095703125,1,-1,-1,-1
345,-1,2284.072265625,1657.0606689453125,48.0,49.0,1,-1,-1,-1
346,-1,2319.724365234375,1685.3514404296875,46.136104583740234,47.09727096557617,1,-1,-1,-1
347,-1,2354.63330078125,1713.0062255859375,46.136104583740234,47.09727096557617,1,-1,-1,-1
348,-1,2388.958984375,1743.4990234375,45.231475830078125,46.173797607421875,1,-1,-1,-1
349,-1,2422.6357421875,1775.8797607421875,45.231475830078125,46.173797607421875,1,-1,-1,-1
350,-1,2449.093505859375,1783.3494873046875,45.0,50.0,1,-1,-1,-1
351,-1,2449.1044921875,1783.3543701171875,45.0,50.0,1,-1,-1,-1
352,-1,2474.04931640625,1759.093505859375,48.0,49.0,1,-1,-1,-1
353,-1,2498.231201171875,1737.0152587890625,46.0,51.0,1,-1,-1,-1
354,-1,2519.071533203125,1720.17822265625,47.0,47.0,1,-1,-1,-1
355,-1,2543.15625,1703.025146484375,45.0,47.0,1,-1,-1,-1
356,-1,2563.06982421875,1688.0208740234375,48.0,47.0,1,-1,-1,-1
357,-1,2563.076171875,1688.0230712890625,48.0,47.0,1,-1,-1,-1
358,-1,2588.162353515625,1676.1595458984375,46.0,47.0,1,-1,-1,-1
359,-1,2611.080322265625,1667.2740478515625,47.0,46.0,1,-1,-1,-1
360,-1,2632.0771484375,1656.1142578125,52.0,51.0,1,-1,-1,-1
361,-1,2649.133544921875,1647.020751953125,52.0,51.0,1,-1,-1,-1
362,-1,2659.712890625,1639.7200927734375,53.040000915527344,52.02000045776367,1,-1,-1,-1
363,-1,2660.59521484375,1639.236328125,52.0,51.0,1,-1,-1,-1
364,-1,2672.935302734375,1629.5692138671875,53.040000915527344,52.02000045776367,1,-1,-1,-1
365,-1,2689.064453125,1621.461669921875,50.98039245605469,50.0,1,-1,-1,-1
366,-1,2705.722412109375,1614.814208984375,53.03999328613281,52.01999282836914,1,-1,-1,-1
367,-1,2704.9638671875,1609.6920166015625,55.182804107666016,54.12159729003906,1,-1,-1,-1
368,-1,2730.48828125,1618.2330322265625,55.182804107666016,54.12159729003906,1,-1,-1,-1
369,-1,2730.56591796875,1617.7694091796875,55.182804107666016,54.12159729003906,1,-1,-1,-1
370,-1,2730.961181640625,1616.561279296875,55.182804107666016,54.12159729003906,1,-1,-1,-1
371,-1,2732.445556640625,1614.9451904296875,53.03999328613281,52.01999282836914,1,-1,-1,-1
372,-1,2732.147705078125,1613.615966796875,54.10078811645508,53.06039047241211,1,-1,-1,-1
373,-1,2733.3681640625,1612.5201416015625,53.03998565673828,52.01998519897461,1,-1,-1,-1
374,-1,2733.865234375,1610.445556640625,54.10078430175781,53.06038284301758,1,-1,-1,-1
375,-1,2734.040771484375,1610.6126708984375,54.10078430175781,53.06038284301758,1,-1,-1,-1
376,-1,2734.83837890625,1607.79296875,54.10078430175781,53.06038284301758,1,-1,-1,-1
377,-1,2736.92626953125,1607.6412353515625,51.99998474121094,50.99998474121094,1,-1,-1,-1
378,-1,2794.0791015625,1593.093505859375,36.0,41.0,1,-1,-1,-1
379,-1,2794.36376953125,1594.290283203125,36.0,41.0,1,-1,-1,-1
380,-1,2793.8349609375,1591.0823974609375,37.45439529418945,42.656394958496094,1,-1,-1,-1
381,-1,2794.750732421875,1591.3995361328125,37.45439529418945,42.656394958496094,1,-1,-1,-1
382,-1,2794.750244140625,1592.6898193359375,38.20348358154297,43.509525299072266,1,-1,-1,-1
383,-1,2795.554443359375,1593.9071044921875,38.967552185058594,44.37971496582031,1,-1,-1,-1
384,-1,2796.7900390625,1591.551513671875,38.967552185058594,44.37971496582031,1,-1,-1,-1
385,-1,2797.941650390625,1592.7686767578125,38.20348358154297,43.509525299072266,1,-1,-1,-1
386,-1,2798.614501953125,1590.4501953125,37.45439529418945,42.656394958496094,1,-1,-1,-1
387,-1,2798.41748046875,1590.8717041015625,37.45439529418945,42.656394958496094,1,-1,-1,-1
388,-1,2798.19091796875,1590.185546875,37.45439529418945,42.656394958496094,1,-1,-1,-1
389,-1,2662.0390625,1605.1693115234375,58.0,47.0,1,-1,-1,-1
390,-1,2665.10009765625,1604.202392578125,54.0,47.0,1,-1,-1,-1
391,-1,2663.006591796875,1606.10546875,54.0,45.0,1,-1,-1,-1
392,-1,2662.10009765625,1605.171142578125,56.0,46.0,1,-1,-1,-1
393,-1,2662.105224609375,1605.1607666015625,56.0,46.0,1,-1,-1,-1
394,-1,2656.112060546875,1606.125732421875,59.0,45.0,1,-1,-1,-1
395,-1,2655.07958984375,1606.0546875,59.0,44.0,1,-1,-1,-1
396,-1,2654.935302734375,1606.2410888671875,59.0,44.0,1,-1,-1,-1
397,-1,2654.79638671875,1606.4285888671875,59.0,44.0,1,-1,-1,-1
398,-1,2654.6962890625,1606.595458984375,59.0,44.0,1,-1,-1,-1
399,-1,2654.591064453125,1606.7474365234375,59.0,44.0,1,-1,-1,-1
400,-1,2654.572265625,1606.8902587890625,59.0,44.0,1,-1,-1,-1
401,-1,2654.5283203125,1607.0052490234375,59.0,44.0,1,-1,-1,-1
402,-1,2655.967041015625,1607.625244140625,55.59701919555664,41.46218490600586,1,-1,-1,-1
403,-1,2654.717529296875,1606.7501220703125,58.999996185302734,43.999996185302734,1,-1,-1,-1
404,-1,2654.59521484375,1606.9107666015625,58.999996185302734,43.999996185302734,1,-1,-1,-1
405,-1,2656.172607421875,1608.3314208984375,55.597015380859375,41.462181091308594,1,-1,-1,-1
406,-1,2656.726318359375,1608.0858154296875,54.50687789916992,40.64919662475586,1,-1,-1,-1
407,-1,2655.7939453125,1607.67138671875,57.84313201904297,43.13724899291992,1,-1,-1,-1
408,-1,2655.975830078125,1607.760498046875,55.59701156616211,41.462181091308594,1,-1,-1,-1
409,-1,2656.36181640625,1608.5911865234375,54.506874084472656,40.64919662475586,1,-1,-1,-1
410,-1,2656.46533203125,1609.2945556640625,54.506874084472656,40.64919662475586,1,-1,-1,-1
411,-1,2656.366943359375,1608.9931640625,54.506874084472656,40.64919662475586,1,-1,-1,-1
412,-1,2656.028076171875,1608.6563720703125,54.506874084472656,40.64919662475586,1,-1,-1,-1
413,-1,2657.23828125,1610.4423828125,51.3630485534668,38.304649353027344,1,-1,-1,-1
414,-1,2657.466552734375,1610.328369140625,50.35593032836914,37.55357360839844,1,-1,-1,-1
415,-1,2657.18115234375,1609.95849609375,50.35593032836914,37.55357360839844,1,-1,-1,-1
416,-1,2654.63232421875,1608.88623046875,54.506874084472656,40.649192810058594,1,-1,-1,-1
417,-1,2657.30419921875,1610.1175537109375,51.36304473876953,38.30464553833008,1,-1,-1,-1
418,-1,2657.136962890625,1610.618408203125,50.355926513671875,37.55357360839844,1,-1,-1,-1
419,-1,2653.986083984375,1609.47412109375,54.50687026977539,40.64918899536133,1,-1,-1,-1
420,-1,2653.077880859375,1609.1065673828125,56.70893859863281,42.291412353515625,1,-1,-1,-1
421,-1,2652.797607421875,1608.225341796875,56.70893859863281,42.291412353515625,1,-1,-1,-1
422,-1,2652.7412109375,1608.15380859375,56.70893859863281,42.291412353515625,1,-1,-1,-1
423,-1,2652.714111328125,1608.08349609375,56.70893859863281,42.291412353515625,1,-1,-1,-1
424,-1,2652.172119140625,1607.3729248046875,57.843116760253906,43.137237548828125,1,-1,-1,-1
425,-1,2653.500732421875,1609.112060546875,54.50686264038086,40.64918518066406,1,-1,-1,-1
426,-1,2652.99609375,1608.2142333984375,56.70893096923828,42.29140853881836,1,-1,-1,-1
427,-1,2653.428466796875,1608.6802978515625,54.506858825683594,40.6491813659668,1,-1,-1,-1
428,-1,2652.683349609375,1607.48681640625,56.70893096923828,42.291404724121094,1,-1,-1,-1
429,-1,2652.404052734375,1608.1920166015625,55.596988677978516,41.462162017822266,1,-1,-1,-1
430,-1,2653.17529296875,1608.302734375,54.50685119628906,40.64917755126953,1,-1,-1,-1
431,-1,2652.7607421875,1607.28076171875,56.70892333984375,42.29140090942383,1,-1,-1,-1
432,-1,2652.664306640625,1606.94873046875,56.70892333984375,42.29140090942383,1,-1,-1,-1
433,-1,2652.766357421875,1606.7032470703125,56.70892333984375,42.29140090942383,1,-1,-1,-1
434,-1,2653.074951171875,1607.1614990234375,56.70892333984375,42.29140090942383,1,-1,-1,-1
435,-1,2653.38427734375,1606.889404296875,56.70892333984375,42.29140090942383,1,-1,-1,-1
436,-1,2652.050048828125,1605.5391845703125,60.17995834350586,44.879966735839844,1,-1,-1,-1
437,-1,2651.87939453125,1606.0618896484375,61.38355255126953,45.777565002441406,1,-1,-1,-1
438,-1,2655.432373046875,1608.314697265625,55.596981048583984,41.462154388427734,1,-1,-1,-1
439,-1,2656.533203125,1608.7086181640625,52.390281677246094,39.070716857910156,1,-1,-1,-1
440,-1,2656.186279296875,1608.4210205078125,54.50684356689453,40.649169921875,1,-1,-1,-1
441,-1,2656.333251953125,1608.896484375,54.50684356689453,40.649169921875,1,-1,-1,-1
442,-1,2656.402587890625,1608.58642578125,54.50684356689453,40.649169921875,1,-1,-1,-1
443,-1,2656.6435546875,1609.1536865234375,54.50684356689453,40.649169921875,1,-1,-1,-1
444,-1,2656.697509765625,1608.8162841796875,54.50684356689453,40.649169921875,1,-1,-1,-1
445,-1,2656.7265625,1608.490234375,54.50684356689453,40.649169921875,1,-1,-1,-1
446,-1,2655.262451171875,1607.739501953125,57.84309005737305,43.13722229003906,1,-1,-1,-1
447,-1,2655.69775390625,1607.82666015625,55.59697723388672,41.462154388427734,1,-1,-1,-1
448,-1,2655.706787109375,1608.0291748046875,55.59697723388672,41.462154388427734,1,-1,-1,-1
449,-1,2655.70947265625,1608.2044677734375,55.59697723388672,41.462154388427734,1,-1,-1,-1
450,-1,2656.24365234375,1608.788818359375,54.506839752197266,40.649169921875,1,-1,-1,-1
451,-1,2655.769287109375,1608.05322265625,55.59697723388672,41.462154388427734,1,-1,-1,-1
452,-1,2655.744873046875,1608.2281494140625,55.59697723388672,41.462154388427734,1,-1,-1,-1
453,-1,2656.264404296875,1608.8050537109375,54.506839752197266,40.649169921875,1,-1,-1,-1
454,-1,2655.781005859375,1608.0936279296875,55.59697723388672,41.462154388427734,1,-1,-1,-1
455,-1,2655.7255859375,1608.2589111328125,55.59697723388672,41.462154388427734,1,-1,-1,-1
456,-1,2656.219482421875,1608.83251953125,54.506839752197266,40.649169921875,1,-1,-1,-1
457,-1,2655.73876953125,1608.1473388671875,55.59697723388672,41.462154388427734,1,-1,-1,-1
458,-1,2656.22412109375,1608.7293701171875,54.506839752197266,40.649169921875,1,-1,-1,-1
459,-1,2655.73095703125,1608.0396728515625,55.59697723388672,41.462154388427734,1,-1,-1,-1
460,-1,2655.624267578125,1608.196044921875,55.59697723388672,41.462154388427734,1,-1,-1,-1
461,-1,2655.963623046875,1608.743896484375,54.506839752197266,40.649169921875,1,-1,-1,-1
462,-1,2657.23095703125,1609.5125732421875,51.363014221191406,38.304622650146484,1,-1,-1,-1
463,-1,2657.291748046875,1610.01806640625,50.35589599609375,37.553550720214844,1,-1,-1,-1
464,-1,2657.606689453125,1611.6375732421875,47.45148849487305,35.387550354003906,1,-1,-1,-1
465,-1,2656.197998046875,1610.35498046875,49.368526458740234,36.81720733642578,1,-1,-1,-1
466,-1,2657.476806640625,1611.6187744140625,47.45148849487305,35.387550354003906,1,-1,-1,-1
467,-1,2655.449951171875,1610.801513671875,49.368526458740234,36.81720733642578,1,-1,-1,-1
468,-1,2655.34423828125,1610.172607421875,50.35589599609375,37.553550720214844,1,-1,-1,-1
469,-1,2654.37841796875,1609.1822509765625,51.36301040649414,38.30461883544922,1,-1,-1,-1
470,-1,2654.627685546875,1608.915771484375,51.36301040649414,38.30461883544922,1,-1,-1,-1
471,-1,2650.6474609375,1606.5867919921875,44.87999725341797,40.79999923706055,1,-1,-1,-1
472,-1,2652.037109375,1608.1055908203125,44.0,40.0,1,-1,-1,-1
473,-1,2651.604248046875,1607.1182861328125,44.0,40.0,1,-1,-1,-1
474,-1,2650.016845703125,1605.24755859375,47.627010345458984,43.297279357910156,1,-1,-1,-1
475,-1,2651.756103515625,1607.783935546875,46.693145751953125,42.44831466674805,1,-1,-1,-1
476,-1,2651.573486328125,1607.4190673828125,43.999996185302734,39.999996185302734,1,-1,-1,-1
477,-1,2651.676025390625,1607.1497802734375,44.8799934387207,40.79999542236328,1,-1,-1,-1
478,-1,2531.126220703125,1401.9462890625,40.0,39.0,1,-1,-1,-1
479,-1,2501.982177734375,1374.234130859375,39.0,41.0,1,-1,-1,-1
480,-1,2473.154296875,1349.1131591796875,40.0,40.0,1,-1,-1,-1
481,-1,2446.08203125,1326.1646728515625,40.0,43.0,1,-1,-1,-1
482,-1,2423.1845703125,1306.156982421875,41.0,41.0,1,-1,-1,-1
483,-1,2423.18896484375,1306.1585693359375,41.0,41.0,1,-1,-1,-1
484,-1,2400.37841796875,1292.225341796875,37.0,40.0,1,-1,-1,-1
485,-1,2376.3134765625,1276.0316162109375,38.0,43.0,1,-1,-1,-1
486,-1,2353.18994140625,1263.1397705078125,41.0,43.0,1,-1,-1,-1
487,-1,2335.21875,1252.2655029296875,34.0,42.0,1,-1,-1,-1
488,-1,2313.027587890625,1242.1171875,36.0,45.0,1,-1,-1,-1
489,-1,2312.999267578125,1242.24755859375,36.0,46.0,1,-1,-1,-1
490,-1,2290.041015625,1234.1988525390625,40.0,46.0,1,-1,-1,-1
491,-1,2275.087890625,1236.0194091796875,41.0,48.0,1,-1,-1,-1
492,-1,2269.1083984375,1246.0667724609375,38.0,47.0,1,-1,-1,-1
493,-1,2266.060302734375,1260.9715576171875,37.0,43.0,1,-1,-1,-1
494,-1,2264.039794921875,1269.2158203125,37.0,42.0,1,-1,-1,-1
495,-1,2264.046630859375,1269.2371826171875,37.0,42.0,1,-1,-1,-1
496,-1,2261.24267578125,1269.946044921875,38.0,43.0,1,-1,-1,-1
497,-1,2260.02099609375,1268.1781005859375,38.0,42.0,1,-1,-1,-1
498,-1,2259.058349609375,1262.3209228515625,37.0,42.0,1,-1,-1,-1
499,-1,2258.950927734375,1257.2122802734375,38.0,41.0,1,-1,-1,-1
500,-1,2260.190185546875,1257.092041015625,38.0,40.0,1,-1,-1,-1
501,-1,2260.1796875,1257.0966796875,38.0,40.0,1,-1,-1,-1
502,-1,2261.08251953125,1256.0648193359375,39.0,43.0,1,-1,-1,-1
503,-1,2264.13037109375,1258.174560546875,37.0,45.0,1,-1,-1,-1
504,-1,2266.010986328125,1267.23583984375,37.0,43.0,1,-1,-1,-1
505,-1,2265.071533203125,1276.1990966796875,40.0,43.0,1,-1,-1,-1
506,-1,2266.87841796875,1283.2200927734375,38.0,42.0,1,-1,-1,-1
507,-1,2265.96728515625,1283.0733642578125,39.0,42.0,1,-1,-1,-1
508,-1,2266.9921875,1289.096923828125,40.0,41.0,1,-1,-1,-1
509,-1,2271.075927734375,1290.1251220703125,38.0,40.0,1,-1,-1,-1
510,-1,2269.982421875,1290.1015625,40.0,41.0,1,-1,-1,-1
511,-1,2271.10791015625,1289.1365966796875,40.0,41.0,1,-1,-1,-1
512,-1,2273.109375,1285.07958984375,43.0,43.0,1,-1,-1,-1
513,-1,2273.110595703125,1285.0767822265625,43.0,43.0,1,-1,-1,-1
514,-1,2278.044189453125,1282.0880126953125,44.0,43.0,1,-1,-1,-1
515,-1,2280.128662109375,1281.110595703125,42.0,45.0,1,-1,-1,-1
516,-1,2283.089111328125,1280.1201171875,45.0,41.0,1,-1,-1,-1
517,-1,2285.036865234375,1275.15673828125,43.0,41.0,1,-1,-1,-1
518,-1,2286.03369140625,1273.1114501953125,43.0,41.0,1,-1,-1,-1
519,-1,2286.014892578125,1273.9940185546875,44.0,40.0,1,-1,-1,-1
520,-1,2294.02099609375,1272.088623046875,41.0,41.0,1,-1,-1,-1
521,-1,2302.405029296875,1274.40185546875,39.2156867980957,41.17647171020508,1,-1,-1,-1
522,-1,2312.044677734375,1285.0091552734375,39.0,42.0,1,-1,-1,-1
523,-1,2319.570556640625,1293.7470703125,38.7599983215332,42.84000015258789,1,-1,-1,-1
524,-1,2325.02783203125,1295.068359375,38.0,45.0,1,-1,-1,-1
525,-1,2325.0205078125,1295.0743408203125,38.0,45.0,1,-1,-1,-1
526,-1,2326.787841796875,1284.5467529296875,40.32590103149414,48.8155632019043,1,-1,-1,-1
527,-1,2331.037109375,1280.10107421875,41.0,45.0,1,-1,-1,-1
528,-1,2339.022705078125,1280.9681396484375,40.0,44.0,1,-1,-1,-1
529,-1,2353.021484375,1289.0538330078125,41.0,44.0,1,-1,-1,-1
530,-1,2370.2822265625,1311.17578125,37.0,40.0,1,-1,-1,-1
531,-1,2370.283447265625,1311.1871337890625,37.0,40.0,1,-1,-1,-1
532,-1,2382.0634765625,1340.167724609375,38.0,42.0,1,-1,-1,-1
533,-1,2388.491943359375,1376.59375,38.0,42.0,1,-1,-1,-1
534,-1,2390.094970703125,1404.4537353515625,38.7599983215332,42.84000015258789,1,-1,-1,-1
535,-1,2390.990234375,1380.0238037109375,42.0,44.0,1,-1,-1,-1
536,-1,2394.0888671875,1372.10888671875,39.0,37.0,1,-1,-1,-1
537,-1,2394.088134765625,1372.1068115234375,39.0,37.0,1,-1,-1,-1
538,-1,2392.047607421875,1353.0484619140625,39.0,39.0,1,-1,-1,-1
539,-1,2390.0419921875,1344.2518310546875,40.0,38.0,1,-1,-1,-1
540,-1,2393.4208984375,1336.184814453125,42.44831466674805,40.32590103149414,1,-1,-1,-1
541,-1,2416.05224609375,1327.0802001953125,46.0,45.0,1,-1,-1,-1
542,-1,2433.02587890625,1323.0318603515625,43.0,47.0,1,-1,-1,-1
543,-1,2433.033935546875,1323.031982421875,43.0,47.0,1,-1,-1,-1
544,-1,2450.2822265625,1322.97900390625,41.0,47.0,1,-1,-1,-1
545,-1,2471.3046875,1332.0513916015625,42.0,45.0,1,-1,-1,-1
546,-1,2496.0478515625,1339.6806640625,42.0,45.0,1,-1,-1,-1
547,-1,2525.78173828125,1355.64013671875,44.57073211669922,47.754356384277344,1,-1,-1,-1
548,-1,2557.1435546875,1383.4490966796875,45.4621467590332,48.709442138671875,1,-1,-1,-1
549,-1,2559.93603515625,1386.267333984375,37.0,42.0,1,-1,-1,-1
550,-1,2564.06884765625,1392.8369140625,38.49479675292969,43.69679641723633,1,-1,-1,-1
551,-1,2585.512939453125,1414.4085693359375,36.999996185302734,41.999996185302734,1,-1,-1,-1
552,-1,2608.548583984375,1458.1097412109375,37.739994049072266,42.83999252319336,1,-1,-1,-1
553,-1,2601.7412109375,1491.74609375,36.999996185302734,41.999996185302734,1,-1,-1,-1
554,-1,2623.10986328125,1406.9583740234375,38.0,43.0,1,-1,-1,-1
555,-1,2623.0986328125,1406.9542236328125,38.0,43.0,1,-1,-1,-1
556,-1,2636.07568359375,1391.265625,40.0,38.0,1,-1,-1,-1
557,-1,2659.07958984375,1378.0865478515625,40.0,40.0,1,-1,-1,-1
558,-1,2680.505126953125,1371.5516357421875,43.297279357910156,43.297279357910156,1,-1,-1,-1
559,-1,2685.88916015625,1377.2542724609375,41.615997314453125,41.615997314453125,1,-1,-1,-1
560,-1,2736.96435546875,1368.8468017578125,40.79999542236328,40.79999542236328,1,-1,-1,-1
561,-1,2737.050537109375,1368.9476318359375,41.0,39.0,1,-1,-1,-1
562,-1,2745.05078125,1363.1356201171875,47.0,54.0,1,-1,-1,-1
563,-1,2765.7099609375,1359.6044921875,48.89879608154297,56.18159484863281,1,-1,-1,-1
564,-1,2788.73193359375,1361.21875,46.07843017578125,52.9411735534668,1,-1,-1,-1
565,-1,2809.62841796875,1361.555908203125,46.07843017578125,52.9411735534668,1,-1,-1,-1
566,-1,2841.107177734375,1369.071533203125,44.0,41.0,1,-1,-1,-1
567,-1,2840.582275390625,1367.5562744140625,43.86000061035156,42.84000015258789,1,-1,-1,-1
568,-1,2864.053955078125,1368.0360107421875,44.0,43.0,1,-1,-1,-1
569,-1,2887.972900390625,1370.40087890625,44.0,43.0,1,-1,-1,-1
570,-1,2913.503173828125,1367.2960205078125,43.13725662231445,42.156864166259766,1,-1,-1,-1
571,-1,2929.067138671875,1358.7093505859375,44.0,43.0,1,-1,-1,-1
572,-1,2948.361572265625,1359.1444091796875,42.29142761230469,41.33026123046875,1,-1,-1,-1
573,-1,2950.39990234375,1359.7276611328125,42.29142761230469,41.33026123046875,1,-1,-1,-1
574,-1,2972.04541015625,1355.274658203125,43.13725662231445,42.156864166259766,1,-1,-1,-1
575,-1,2993.323974609375,1352.5299072265625,42.29142761230469,41.330257415771484,1,-1,-1,-1
576,-1,3010.433837890625,1351.794921875,43.13725280761719,42.1568603515625,1,-1,-1,-1
577,-1,3026.53466796875,1359.0477294921875,43.999996185302734,42.999996185302734,1,-1,-1,-1
578,-1,3058.833984375,1357.12158203125,37.0,35.0,1,-1,-1,-1
579,-1,3059.849853515625,1357.1409912109375,35.0,36.0,1,-1,-1,-1
580,-1,3090.106201171875,1345.1422119140625,40.0,36.0,1,-1,-1,-1
581,-1,3110.000244140625,1320.042724609375,47.0,45.0,1,-1,-1,-1
582,-1,3137.072021484375,1306.051513671875,40.0,42.0,1,-1,-1,-1
583,-1,3155.03515625,1294.1395263671875,40.0,43.0,1,-1,-1,-1
584,-1,3173.03955078125,1290.1436767578125,41.0,44.0,1,-1,-1,-1
585,-1,3172.978515625,1290.125,40.0,44.0,1,-1,-1,-1
586,-1,3191.997314453125,1295.0780029296875,42.0,43.0,1,-1,-1,-1
587,-1,3211.98046875,1305.24072265625,38.0,42.0,1,-1,-1,-1
588,-1,3229.063232421875,1314.3375244140625,40.0,45.0,1,-1,-1,-1
589,-1,3250.120849609375,1329.099609375,43.0,45.0,1,-1,-1,-1
590,-1,3270.264404296875,1346.1778564453125,38.0,40.0,1,-1,-1,-1
591,-1,3270.253173828125,1346.1812744140625,38.0,40.0,1,-1,-1,-1
592,-1,3282.72705078125,1348.5516357421875,36.5244140625,38.446754455566406,1,-1,-1,-1
593,-1,3262.337890625,1353.72021484375,37.999996185302734,39.999996185302734,1,-1,-1,-1
594,-1,3253.135986328125,1354.7769775390625,38.75999450683594,40.79999542236328,1,-1,-1,-1
595,-1,3245.987060546875,1365.0587158203125,39.0,55.0,1,-1,-1,-1
596,-1,3235.138916015625,1365.0111083984375,46.0,48.0,1,-1,-1,-1
597,-1,3234.0625,1365.038818359375,47.0,47.0,1,-1,-1,-1
598,-1,3225.068603515625,1372.074462890625,44.0,44.0,1,-1,-1,-1
599,-1,3221.01123046875,1375.9542236328125,42.0,43.0,1,-1,-1,-1
600,-1,3213.499267578125,1362.04052734375,42.0,43.0,1,-1,-1,-1
601,-1,3192.21923828125,1364.1971435546875,42.84000015258789,43.86000061035156,1,-1,-1,-1
602,-1,3171.73388671875,1372.3126220703125,42.84000015258789,43.86000061035156,1,-1,-1,-1
603,-1,3170.50439453125,1372.688232421875,43.69679641723633,44.73719787597656,1,-1,-1,-1
604,-1,3152.691650390625,1381.8818359375,44.57073211669922,45.63193893432617,1,-1,-1,-1
605,-1,3134.86083984375,1391.7430419921875,45.4621467590332,46.544578552246094,1,-1,-1,-1
606,-1,3118.021240234375,1400.2431640625,46.37138748168945,47.475467681884766,1,-1,-1,-1
607,-1,3104.68701171875,1403.973388671875,46.37138748168945,47.475467681884766,1,-1,-1,-1
608,-1,3094.44677734375,1405.4638671875,46.37138748168945,47.475467681884766,1,-1,-1,-1
609,-1,3094.178955078125,1405.216552734375,46.37138748168945,47.475467681884766,1,-1,-1,-1
610,-1,3133.046630859375,1465.1422119140625,35.0,41.0,1,-1,-1,-1
611,-1,3115.990966796875,1476.0455322265625,40.0,44.0,1,-1,-1,-1
612,-1,3090.970458984375,1493.0682373046875,40.0,43.0,1,-1,-1,-1
613,-1,3073.0361328125,1510.1656494140625,40.0,45.0,1,-1,-1,-1
614,-1,3059.95751953125,1532.115478515625,34.0,39.0,1,-1,-1,-1
615,-1,3059.9609375,1532.1192626953125,34.0,39.0,1,-1,-1,-1
616,-1,3044.804931640625,1540.5623779296875,34.68000030517578,39.779998779296875,1,-1,-1,-1
617,-1,3029.4931640625,1524.370361328125,34.68000030517578,39.779998779296875,1,-1,-1,-1
618,-1,3029.528076171875,1547.6143798828125,34.0,39.0,1,-1,-1,-1
619,-1,3046.092041015625,1562.9290771484375,32.03895950317383,36.750572204589844,1,-1,-1,-1
620,-1,3055.575927734375,1548.9495849609375,30.794851303100586,35.32350540161133,1,-1,-1,-1
621,-1,3056.656494140625,1549.001708984375,30.794851303100586,35.32350540161133,1,-1,-1,-1
622,-1,3068.4365234375,1543.8084716796875,30.191030502319336,34.63088607788086,1,-1,-1,-1
623,-1,3068.371337890625,1546.5550537109375,30.191030502319336,34.63088607788086,1,-1,-1,-1
624,-1,3066.84228515625,1546.8555908203125,29.599048614501953,33.951847076416016,1,-1,-1,-1
625,-1,3064.040283203125,1544.83154296875,29.599048614501953,33.951847076416016,1,-1,-1,-1
626,-1,3063.705078125,1544.68017578125,29.599048614501953,33.951847076416016,1,-1,-1,-1
627,-1,3063.253662109375,1544.0172119140625,30.191028594970703,34.63088607788086,1,-1,-1,-1
628,-1,3057.83544921875,1538.4805908203125,29.599044799804688,33.951847076416016,1,-1,-1,-1
629,-1,3049.000244140625,1540.878173828125,30.191024780273438,34.630882263183594,1,-1,-1,-1
630,-1,3061.078369140625,1550.4609375,31.41073989868164,36.02996826171875,1,-1,-1,-1
631,-1,3063.90625,1551.7703857421875,31.41073989868164,36.02996826171875,1,-1,-1,-1
632,-1,2814.245849609375,1398.173095703125,38.0,38.0,1,-1,-1,-1
633,-1,2814.2451171875,1398.172607421875,38.0,38.0,1,-1,-1,-1
634,-1,2815.012451171875,1379.94189453125,36.0,40.0,1,-1,-1,-1
635,-1,2784.10400390625,1414.9674072265625,40.0,39.0,1,-1,-1,-1
636,-1,2764.1708984375,1405.1182861328125,39.0,39.0,1,-1,-1,-1
637,-1,2753.091796875,1370.9656982421875,40.0,39.0,1,-1,-1,-1
638,-1,2744.15869140625,1342.1773681640625,37.0,36.0,1,-1,-1,-1
639,-1,2744.1396484375,1342.1552734375,37.0,36.0,1,-1,-1,-1
640,-1,2730.893798828125,1324.1856689453125,34.0,36.0,1,-1,-1,-1
641,-1,2693.996826171875,1317.067138671875,40.0,41.0,1,-1,-1,-1
642,-1,2658.814697265625,1313.4744873046875,40.79999923706055,41.81999969482422,1,-1,-1,-1
643,-1,2623.48828125,1309.932373046875,41.615997314453125,42.656394958496094,1,-1,-1,-1
644,-1,2584.0947265625,1309.2506103515625,36.0,37.0,1,-1,-1,-1
645,-1,2584.094970703125,1309.2457275390625,36.0,37.0,1,-1,-1,-1
646,-1,2543.968017578125,1308.10400390625,39.0,40.0,1,-1,-1,-1
647,-1,2511.990234375,1313.062255859375,34.0,36.0,1,-1,-1,-1
648,-1,2478.045166015625,1316.028564453125,33.0,36.0,1,-1,-1,-1
649,-1,2443.10400390625,1318.08642578125,36.0,41.0,1,-1,-1,-1
650,-1,2410.110107421875,1325.4296875,40.0,45.0,1,-1,-1,-1
651,-1,2410.11328125,1325.4305419921875,40.0,45.0,1,-1,-1,-1
652,-1,2398.297119140625,1309.336181640625,34.0,42.0,1,-1,-1,-1
653,-1,2383.380126953125,1294.14453125,38.0,40.0,1,-1,-1,-1
654,-1,2371.1142578125,1284.2041015625,35.0,36.0,1,-1,-1,-1
655,-1,2357.035400390625,1269.2786865234375,38.0,41.0,1,-1,-1,-1
656,-1,2345.299560546875,1259.036376953125,33.0,39.0,1,-1,-1,-1
657,-1,2345.288330078125,1259.0321044921875,33.0,39.0,1,-1,-1,-1
658,-1,2332.131591796875,1251.1837158203125,32.0,41.0,1,-1,-1,-1
659,-1,2317.972900390625,1246.1624755859375,34.0,40.0,1,-1,-1,-1
660,-1,2306.326416015625,1240.2342529296875,34.0,41.0,1,-1,-1,-1
661,-1,2291.2998046875,1241.208984375,38.0,38.0,1,-1,-1,-1
662,-1,2277.341064453125,1247.07861328125,37.0,36.0,1,-1,-1,-1
663,-1,2276.285400390625,1247.087646484375,38.0,36.0,1,-1,-1,-1
664,-1,2257.1416015625,1254.180419921875,37.0,35.0,1,-1,-1,-1
665,-1,2242.1064453125,1263.0926513671875,35.0,36.0,1,-1,-1,-1
666,-1,2229.442138671875,1243.128173828125,37.0,36.0,1,-1,-1,-1
667,-1,2217.18115234375,1221.1417236328125,36.0,35.0,1,-1,-1,-1
668,-1,2207.141357421875,1202.0994873046875,41.0,33.0,1,-1,-1,-1
669,-1,2208.138671875,1203.10986328125,40.0,32.0,1,-1,-1,-1
670,-1,2198.04248046875,1189.0303955078125,34.0,34.0,1,-1,-1,-1
671,-1,2188.61376953125,1173.1329345703125,35.37359619140625,35.37359619140625,1,-1,-1,-1
672,-1,2200.914794921875,1197.04638671875,36.08106994628906,36.08106994628906,1,-1,-1,-1
673,-1,2203.69140625,1229.1231689453125,36.08106994628906,36.08106994628906,1,-1,-1,-1
690,-1,1721.282470703125,1181.064697265625,38.0,36.0,1,-1,-1,-1
691,-1,1687.0477294921875,1194.3372802734375,36.0,38.0,1,-1,-1,-1
692,-1,1668.2080078125,1173.14453125,36.0,35.0,1,-1,-1,-1
693,-1,1668.20703125,1173.134765625,36.0,35.0,1,-1,-1,-1
694,-1,1646.8330078125,1157.2899169921875,36.720001220703125,35.70000076293945,1,-1,-1,-1
695,-1,1623.0635986328125,1142.99853515625,35.0,33.0,1,-1,-1,-1
696,-1,1598.1531982421875,1132.039306640625,39.0,35.0,1,-1,-1,-1
697,-1,1577.593994140625,1120.424072265625,39.0,35.0,1,-1,-1,-1
698,-1,1558.0711669921875,1106.0272216796875,36.0,33.0,1,-1,-1,-1
699,-1,1558.07080078125,1106.0325927734375,36.0,33.0,1,-1,-1,-1
700,-1,1542.1561279296875,1100.0653076171875,33.923606872558594,31.096637725830078,1,-1,-1,-1
701,-1,1506.05078125,1086.0137939453125,44.0,41.0,1,-1,-1,-1
702,-1,1492.2037353515625,1095.902099609375,38.0,35.0,1,-1,-1,-1
703,-1,1451.053466796875,1115.0146484375,36.0,32.0,1,-1,-1,-1
704,-1,1427.0126953125,1143.9920654296875,35.0,31.0,1,-1,-1,-1
705,-1,1427.00341796875,1143.9906005859375,35.0,31.0,1,-1,-1,-1
706,-1,1390.0736083984375,1172.045166015625,35.0,29.0,1,-1,-1,-1
707,-1,1413.967041015625,1172.178955078125,37.142276763916016,30.775028228759766,1,-1,-1,-1
708,-1,1391.9246826171875,1172.0799560546875,36.413997650146484,30.17159652709961,1,-1,-1,-1
709,-1,1366.486572265625,1167.3798828125,37.142276763916016,30.775028228759766,1,-1,-1,-1
710,-1,1318.0245361328125,1151.0537109375,31.0,31.0,1,-1,-1,-1
711,-1,1318.01904296875,1151.049560546875,31.0,31.0,1,-1,-1,-1
712,-1,1288.2279052734375,1129.148193359375,36.0,35.0,1,-1,-1,-1
713,-1,1267.14208984375,1106.0274658203125,39.0,35.0,1,-1,-1,-1
714,-1,1251.3404541015625,1093.8499755859375,39.0,35.0,1,-1,-1,-1
715,-1,1229.0704345703125,1102.0450439453125,37.0,35.0,1,-1,-1,-1
716,-1,1201.994140625,1099.0262451171875,38.0,37.0,1,-1,-1,-1
717,-1,1201.992431640625,1099.016845703125,38.0,37.0,1,-1,-1,-1
718,-1,1179.1263427734375,1102.0750732421875,36.0,36.0,1,-1,-1,-1
719,-1,1153.12109375,1111.9713134765625,37.0,39.0,1,-1,-1,-1
720,-1,1161.6412353515625,1116.5404052734375,36.27450942993164,38.235294342041016,1,-1,-1,-1
721,-1,1161.29052734375,1131.994140625,34.865928649902344,36.750572204589844,1,-1,-1,-1
722,-1,1136.1322021484375,1128.6590576171875,34.865928649902344,36.750572204589844,1,-1,-1,-1
723,-1,1134.8470458984375,1128.6201171875,35.56324768066406,37.4855842590332,1,-1,-1,-1
724,-1,1111.625,1127.891357421875,34.865928649902344,36.750572204589844,1,-1,-1,-1
725,-1,1113.4156494140625,1138.309326171875,34.182281494140625,36.029972076416016,1,-1,-1,-1
726,-1,1115.122802734375,1130.513916015625,35.5632438659668,37.48558044433594,1,-1,-1,-1
727,-1,1110.198974609375,1145.35400390625,35.5632438659668,37.48558044433594,1,-1,-1,-1
729,-1,979.0366821289062,1143.078369140625,31.0,34.0,1,-1,-1,-1
730,-1,951.0260009765625,1140.0675048828125,34.0,35.0,1,-1,-1,-1
731,-1,927.8233032226562,1137.20751953125,34.68000030517578,35.70000076293945,1,-1,-1,-1
732,-1,909.482421875,1141.3331298828125,34.0,35.0,1,-1,-1,-1
733,-1,891.6978759765625,1152.49169921875,35.37359619140625,36.413997650146484,1,-1,-1,-1
734,-1,872.5369873046875,1159.1385498046875,34.679996490478516,35.69999694824219,1,-1,-1,-1
735,-1,871.3856201171875,1160.6680908203125,35.373592376708984,36.41399383544922,1,-1,-1,-1
736,-1,847.1568603515625,1162.4693603515625,36.08106231689453,37.14227294921875,1,-1,-1,-1
737,-1,821.117431640625,1157.12744140625,36.0,43.0,1,-1,-1,-1
738,-1,796.0393676757812,1147.08935546875,32.0,34.0,1,-1,-1,-1
739,-1,786.602783203125,1135.63818359375,30.757402420043945,32.67974090576172,1,-1,-1,-1
740,-1,786.5408935546875,1145.5574951171875,30.757402420043945,32.67974090576172,1,-1,-1,-1
741,-1,786.0730590820312,1145.041259765625,30.757402420043945,32.67974090576172,1,-1,-1,-1
742,-1,790.3920288085938,1149.905029296875,30.757402420043945,32.67974090576172,1,-1,-1,-1
743,-1,785.9512939453125,1145.2894287109375,28.983388900756836,30.794851303100586,1,-1,-1,-1
744,-1,732.998779296875,1058.1185302734375,43.0,39.0,1,-1,-1,-1
745,-1,733.2413330078125,1058.33642578125,43.0,39.0,1,-1,-1,-1
746,-1,733.123779296875,1057.66943359375,43.86000061035156,39.779998779296875,1,-1,-1,-1
747,-1,731.7741088867188,1057.7022705078125,45.63193893432617,41.387107849121094,1,-1,-1,-1
748,-1,688.035400390625,1065.044921875,35.0,32.0,1,-1,-1,-1
749,-1,673.23486328125,1066.190185546875,39.0,31.0,1,-1,-1,-1
750,-1,663.3973999023438,1071.3814697265625,38.235294342041016,30.39215660095215,1,-1,-1,-1
751,-1,658.0634765625,1070.79345703125,39.77999496459961,31.6199951171875,1,-1,-1,-1
752,-1,640.5406494140625,1073.7208251953125,41.38710403442383,32.89744186401367,1,-1,-1,-1
753,-1,639.0081787109375,1073.418212890625,42.21484375,33.555389404296875,1,-1,-1,-1
754,-1,633.877197265625,1071.194580078125,42.21484375,33.555389404296875,1,-1,-1,-1
755,-1,625.401123046875,1076.3031005859375,33.33333206176758,31.372549057006836,1,-1,-1,-1
756,-1,624.0713500976562,1077.9974365234375,34.0,32.0,1,-1,-1,-1
757,-1,623.3128662109375,1080.125244140625,34.0,32.0,1,-1,-1,-1
758,-1,617.99169921875,1067.998779296875,33.0,32.0,1,-1,-1,-1
759,-1,617.99853515625,1068.0015869140625,33.0,32.0,1,-1,-1,-1
760,-1,616.9572143554688,1066.5709228515625,34.33319854736328,33.29279708862305,1,-1,-1,-1
761,-1,616.6038208007812,1068.6722412109375,32.999996185302734,31.999998092651367,1,-1,-1,-1
762,-1,613.6646728515625,1068.066650390625,34.333194732666016,33.29279327392578,1,-1,-1,-1
763,-1,604.4744873046875,1066.5609130859375,36.434654235839844,35.33057403564453,1,-1,-1,-1
764,-1,604.023681640625,1071.058349609375,38.66474151611328,37.49308395385742,1,-1,-1,-1
765,-1,603.291259765625,1072.460693359375,37.16334533691406,36.03718185424805,1,-1,-1,-1
766,-1,601.8358764648438,1074.3486328125,37.16334533691406,36.03718185424805,1,-1,-1,-1
767,-1,597.0343627929688,1081.9993896484375,30.0,32.0,1,-1,-1,-1
768,-1,598.04345703125,1086.0364990234375,30.0,34.0,1,-1,-1,-1
769,-1,596.0791015625,1099.1209716796875,31.0,31.0,1,-1,-1,-1
770,-1,594.0818481445312,1107.0599365234375,30.0,30.0,1,-1,-1,-1
771,-1,594.073974609375,1107.06494140625,30.0,30.0,1,-1,-1,-1
772,-1,593.0918579101562,1117.0504150390625,29.0,29.0,1,-1,-1,-1
773,-1,592.0947265625,1135.981689453125,29.0,31.0,1,-1,-1,-1
774,-1,592.7077026367188,1150.930908203125,29.0,31.0,1,-1,-1,-1
775,-1,591.0231323242188,1172.0235595703125,30.0,30.0,1,-1,-1,-1
776,-1,591.4112548828125,1187.4796142578125,29.41176414489746,29.41176414489746,1,-1,-1,-1
777,-1,589.9209594726562,1199.8873291015625,29.41176414489746,29.41176414489746,1,-1,-1,-1
778,-1,591.2326049804688,1197.0020751953125,28.835063934326172,28.835063934326172,1,-1,-1,-1
779,-1,590.8759155273438,1194.10791015625,27.715364456176758,27.715364456176758,1,-1,-1,-1
780,-1,591.0343627929688,1191.8333740234375,27.715364456176758,27.715364456176758,1,-1,-1,-1
781,-1,590.20263671875,1187.9351806640625,28.269670486450195,28.269670486450195,1,-1,-1,-1
782,-1,588.8316650390625,1184.405029296875,28.269670486450195,28.269670486450195,1,-1,-1,-1
783,-1,589.5642700195312,1184.4886474609375,28.269670486450195,28.269670486450195,1,-1,-1,-1
784,-1,588.5454711914062,1183.887939453125,28.269670486450195,28.269670486450195,1,-1,-1,-1
785,-1,588.1114501953125,1182.9891357421875,28.269670486450195,28.269670486450195,1,-1,-1,-1
786,-1,587.3078002929688,1182.893798828125,28.269670486450195,28.269670486450195,1,-1,-1,-1
787,-1,586.0299072265625,1180.1998291015625,28.835063934326172,28.835063934326172,1,-1,-1,-1
788,-1,569.0443725585938,1176.0517578125,31.0,29.0,1,-1,-1,-1
789,-1,569.04541015625,1176.052001953125,31.0,29.0,1,-1,-1,-1
790,-1,572.0728149414062,1169.0791015625,29.0,29.0,1,-1,-1,-1
791,-1,567.0315551757812,1151.0234375,31.0,33.0,1,-1,-1,-1
792,-1,562.9318237304688,1143.0245361328125,32.25239562988281,34.33319854736328,1,-1,-1,-1
793,-1,561.7176513671875,1136.5406494140625,31.6199951171875,33.659996032714844,1,-1,-1,-1
794,-1,562.0205078125,1131.0103759765625,29.0,31.0,1,-1,-1,-1
795,-1,562.0112915039062,1131.018310546875,29.0,31.0,1,-1,-1,-1
796,-1,557.09619140625,1120.1409912109375,30.0,31.0,1,-1,-1,-1
797,-1,548.0101928710938,1118.03173828125,31.0,30.0,1,-1,-1,-1
798,-1,552.0919189453125,1117.122802734375,29.0,29.0,1,-1,-1,-1
799,-1,519.9939575195312,1116.072998046875,33.0,35.0,1,-1,-1,-1
800,-1,518.1004638671875,1115.084716796875,36.0,36.0,1,-1,-1,-1
801,-1,519.1193237304688,1115.0701904296875,36.0,36.0,1,-1,-1,-1
802,-1,539.9729614257812,1118.0216064453125,31.0,29.0,1,-1,-1,-1
803,-1,541.0158081054688,1118.01220703125,30.0,30.0,1,-1,-1,-1
804,-1,526.0133056640625,1122.0645751953125,34.0,34.0,1,-1,-1,-1
805,-1,538.9869995117188,1129.0946044921875,31.0,29.0,1,-1,-1,-1
806,-1,537.0380249023438,1133.0712890625,35.0,32.0,1,-1,-1,-1
807,-1,537.0687255859375,1134.053955078125,35.0,31.0,1,-1,-1,-1
808,-1,546.0208129882812,1150.009521484375,33.0,28.0,1,-1,-1,-1
809,-1,556.0348510742188,1160.036376953125,34.0,30.0,1,-1,-1,-1
810,-1,559.0361328125,1173.2889404296875,31.41074562072754,27.715364456176758,1,-1,-1,-1
811,-1,559.3583984375,1183.669921875,32.03895950317383,28.269670486450195,1,-1,-1,-1
812,-1,559.6028442382812,1195.16064453125,31.41074562072754,27.715364456176758,1,-1,-1,-1
813,-1,557.740234375,1194.0283203125,32.67973709106445,28.835063934326172,1,-1,-1,-1
814,-1,556.5524291992188,1179.2315673828125,33.999996185302734,29.999996185302734,1,-1,-1,-1
815,-1,512.0260009765625,1094.009033203125,42.0,42.0,1,-1,-1,-1
816,-1,515.279052734375,1091.0408935546875,38.0,36.0,1,-1,-1,-1
817,-1,515.385498046875,1091.4678955078125,38.0,36.0,1,-1,-1,-1
818,-1,515.4121704101562,1091.903564453125,38.0,36.0,1,-1,-1,-1
819,-1,514.683349609375,1091.6014404296875,39.53519821166992,37.45439529418945,1,-1,-1,-1
820,-1,527.0770263671875,1115.0240478515625,35.0,33.0,1,-1,-1,-1
821,-1,518.2114868164062,1103.0423583984375,38.0,39.0,1,-1,-1,-1
822,-1,520.1361694335938,1096.9774169921875,39.0,35.0,1,-1,-1,-1
823,-1,524.0259399414062,1100.9901123046875,35.0,31.0,1,-1,-1,-1
824,-1,523.0701293945312,1099.0042724609375,36.0,31.0,1,-1,-1,-1
825,-1,523.0664672851562,1099.0050048828125,36.0,31.0,1,-1,-1,-1
826,-1,524.0089111328125,1096.0179443359375,36.0,32.0,1,-1,-1,-1
827,-1,525.0166015625,1096.0318603515625,36.0,31.0,1,-1,-1,-1
828,-1,525.0242919921875,1096.0540771484375,35.0,30.0,1,-1,-1,-1
829,-1,524.0579833984375,1095.0020751953125,35.0,31.0,1,-1,-1,-1
830,-1,525.0474243164062,1093.9974365234375,35.0,31.0,1,-1,-1,-1
831,-1,525.050537109375,1093.9957275390625,35.0,31.0,1,-1,-1,-1
832,-1,523.038818359375,1091.0400390625,35.0,32.0,1,-1,-1,-1
833,-1,523.0747680664062,1092.0595703125,35.0,33.0,1,-1,-1,-1
834,-1,524.0506591796875,1093.0379638671875,35.0,33.0,1,-1,-1,-1
835,-1,524.0416259765625,1091.9969482421875,35.0,31.0,1,-1,-1,-1
836,-1,522.2628784179688,1090.0767822265625,38.0,32.0,1,-1,-1,-1
837,-1,522.2763671875,1090.074951171875,38.0,32.0,1,-1,-1,-1
838,-1,519.1224365234375,1091.16015625,38.0,38.0,1,-1,-1,-1
839,-1,519.0853271484375,1088.034423828125,39.0,39.0,1,-1,-1,-1
840,-1,518.1168212890625,1086.039794921875,40.0,42.0,1,-1,-1,-1
841,-1,524.1823120117188,1084.083984375,38.0,40.0,1,-1,-1,-1
842,-1,523.214111328125,1085.13720703125,38.0,39.0,1,-1,-1,-1
843,-1,523.22265625,1085.14404296875,38.0,39.0,1,-1,-1,-1
844,-1,522.91259765625,1081.1680908203125,38.0,42.0,1,-1,-1,-1
845,-1,522.2171630859375,1086.0208740234375,42.0,37.0,1,-1,-1,-1
846,-1,523.1652221679688,1084.97412109375,42.0,38.0,1,-1,-1,-1
847,-1,521.1923828125,1084.9532470703125,42.0,38.0,1,-1,-1,-1
848,-1,523.0142822265625,1081.0457763671875,39.0,42.0,1,-1,-1,-1
849,-1,523.024169921875,1080.0491943359375,39.0,43.0,1,-1,-1,-1
850,-1,525.1842041015625,1085.0655517578125,38.0,39.0,1,-1,-1,-1
851,-1,526.1087646484375,1085.18896484375,38.0,38.0,1,-1,-1,-1
852,-1,525.1689453125,1083.0633544921875,38.0,40.0,1,-1,-1,-1
853,-1,522.98583984375,1090.1051025390625,39.0,33.0,1,-1,-1,-1
854,-1,522.78076171875,1088.8555908203125,41.387107849121094,35.019859313964844,1,-1,-1,-1
855,-1,522.8250122070312,1088.521728515625,42.214847564697266,35.72025680541992,1,-1,-1,-1
856,-1,524.2939453125,1088.546630859375,43.059146881103516,36.434661865234375,1,-1,-1,-1
857,-1,524.7732543945312,1089.3289794921875,42.214847564697266,35.72025680541992,1,-1,-1,-1
858,-1,524.9826049804688,1089.5743408203125,42.214847564697266,35.72025680541992,1,-1,-1,-1
859,-1,523.302734375,1088.880859375,43.920326232910156,37.163352966308594,1,-1,-1,-1
860,-1,523.60205078125,1088.7860107421875,43.05914306640625,36.43465805053711,1,-1,-1,-1
861,-1,523.1632080078125,1088.2379150390625,43.05914306640625,36.43465805053711,1,-1,-1,-1
862,-1,523.3697509765625,1088.3907470703125,43.05914306640625,36.43465805053711,1,-1,-1,-1
863,-1,523.1373901367188,1087.692626953125,43.920326232910156,37.163352966308594,1,-1,-1,-1
864,-1,515.0721435546875,1077.1256103515625,41.0,36.0,1,-1,-1,-1
865,-1,515.11767578125,1070.13134765625,41.0,43.0,1,-1,-1,-1
866,-1,515.7048950195312,1070.3841552734375,40.19607925415039,42.156864166259766,1,-1,-1,-1
867,-1,515.8983764648438,1069.9896240234375,40.19607925415039,42.156864166259766,1,-1,-1,-1
868,-1,515.7019653320312,1068.91162109375,41.0,43.0,1,-1,-1,-1
869,-1,514.3811645507812,1067.3172607421875,43.509525299072266,45.63193893432617,1,-1,-1,-1
870,-1,514.3960571289062,1067.611083984375,43.509525299072266,45.63193893432617,1,-1,-1,-1
871,-1,514.375732421875,1067.972900390625,43.509525299072266,45.63193893432617,1,-1,-1,-1
872,-1,513.5503540039062,1067.2958984375,45.267303466796875,47.4754638671875,1,-1,-1,-1
873,-1,514.0992431640625,1067.797119140625,45.267303466796875,47.4754638671875,1,-1,-1,-1
874,-1,515.412353515625,1069.182861328125,44.37970733642578,46.54457092285156,1,-1,-1,-1
875,-1,515.9111328125,1069.0543212890625,43.509517669677734,45.631935119628906,1,-1,-1,-1
876,-1,514.69921875,1067.968017578125,44.37970733642578,46.54457092285156,1,-1,-1,-1
877,-1,514.519775390625,1067.723388671875,45.267303466796875,47.4754638671875,1,-1,-1,-1
878,-1,514.2921142578125,1068.137451171875,45.267303466796875,47.4754638671875,1,-1,-1,-1
879,-1,515.609375,1069.5299072265625,43.509517669677734,45.631935119628906,1,-1,-1,-1
880,-1,514.4535522460938,1068.1234130859375,43.509517669677734,45.631935119628906,1,-1,-1,-1
881,-1,513.6647338867188,1068.0023193359375,44.37970733642578,46.54457092285156,1,-1,-1,-1
882,-1,514.9033203125,1068.5888671875,43.509517669677734,45.631935119628906,1,-1,-1,-1
883,-1,513.976806640625,1067.9962158203125,44.37970733642578,46.54457092285156,1,-1,-1,-1
884,-1,514.044677734375,1068.5863037109375,44.37970733642578,46.54457092285156,1,-1,-1,-1
885,-1,514.1316528320312,1069.154296875,44.37970733642578,46.54457092285156,1,-1,-1,-1
886,-1,513.9253540039062,1068.8590087890625,44.37970733642578,46.54457092285156,1,-1,-1,-1
887,-1,490.14794921875,1096.054931640625,45.0,36.0,1,-1,-1,-1
888,-1,490.8675231933594,1096.58203125,43.25259780883789,34.60207748413086,1,-1,-1,-1
889,-1,488.9085388183594,1096.23291015625,45.89999771118164,36.720001220703125,1,-1,-1,-1
890,-1,488.9536437988281,1096.7496337890625,45.0,36.0,1,-1,-1,-1
891,-1,488.0567626953125,1096.3875732421875,46.817996978759766,37.45439529418945,1,-1,-1,-1
892,-1,487.81982421875,1096.6275634765625,46.817996978759766,37.45439529418945,1,-1,-1,-1
893,-1,488.2775573730469,1097.9970703125,44.999996185302734,35.999996185302734,1,-1,-1,-1
894,-1,488.93280029296875,1099.05029296875,43.252593994140625,34.602073669433594,1,-1,-1,-1
895,-1,487.33837890625,1097.8665771484375,44.999996185302734,35.999996185302734,1,-1,-1,-1
896,-1,486.9532470703125,1098.1856689453125,46.817989349365234,37.45439147949219,1,-1,-1,-1
897,-1,487.4264831542969,1098.8533935546875,45.89999008178711,36.71998977661133,1,-1,-1,-1
898,-1,486.8968200683594,1097.6802978515625,44.9999885559082,35.99999237060547,1,-1,-1,-1
899,-1,488.1666564941406,1099.360107421875,43.252586364746094,34.60206985473633,1,-1,-1,-1
900,-1,488.4975280761719,1099.7281494140625,42.40449523925781,33.9235954284668,1,-1,-1,-1
901,-1,488.278564453125,1099.3980712890625,41.573036193847656,33.258426666259766,1,-1,-1,-1
902,-1,488.245849609375,1099.342529296875,40.757877349853516,32.606300354003906,1,-1,-1,-1
903,-1,487.931396484375,1099.320068359375,40.757877349853516,32.606300354003906,1,-1,-1,-1
904,-1,487.8500061035156,1099.6728515625,39.958702087402344,31.966960906982422,1,-1,-1,-1
905,-1,487.9146728515625,1099.7591552734375,39.958702087402344,31.966960906982422,1,-1,-1,-1
906,-1,487.9278259277344,1099.920654296875,39.958702087402344,31.966960906982422,1,-1,-1,-1
907,-1,487.131591796875,1099.51220703125,41.573028564453125,33.2584228515625,1,-1,-1,-1
908,-1,487.6822509765625,1099.41064453125,41.573028564453125,33.2584228515625,1,-1,-1,-1
909,-1,486.8656311035156,1098.8046875,42.40449142456055,33.92359161376953,1,-1,-1,-1
910,-1,485.8670349121094,1098.4637451171875,43.25257873535156,34.6020622253418,1,-1,-1,-1
911,-1,485.8686218261719,1098.437255859375,44.999977111816406,35.99998474121094,1,-1,-1,-1
912,-1,485.6958312988281,1098.359375,44.999977111816406,35.99998474121094,1,-1,-1,-1
913,-1,485.7151794433594,1098.201171875,44.999977111816406,35.99998474121094,1,-1,-1,-1
914,-1,495.27764892578125,1093.2440185546875,42.0,41.0,1,-1,-1,-1
915,-1,495.277587890625,1093.2430419921875,42.0,41.0,1,-1,-1,-1
916,-1,493.6613464355469,1092.0697021484375,44.57073211669922,43.509525299072266,1,-1,-1,-1
917,-1,494.05792236328125,1092.0169677734375,45.4621467590332,44.37971496582031,1,-1,-1,-1
918,-1,494.02203369140625,1092.0709228515625,45.4621467590332,44.37971496582031,1,-1,-1,-1
