1,-1,3109,1374,67,79,0.9090564250946045,-1,-1,-1
2,-1,3121,1380,44,48,0.9962760210037231,-1,-1,-1
3,-1,3124,1372,43,46,0.996516227722168,-1,-1,-1
4,-1,3129,1369,40,38,0.9905240535736084,-1,-1,-1
5,-1,3129,1369,40,38,0.9910275936126709,-1,-1,-1
6,-1,3133,1360,41,39,0.9722331166267395,-1,-1,-1
7,-1,3148,1351,41,36,0.49386754631996155,-1,-1,-1
8,-1,3165,1340,36,40,0.9923672080039978,-1,-1,-1
9,-1,3170,1332,44,42,0.9987933039665222,-1,-1,-1
10,-1,3177,1324,47,46,0.998923122882843,-1,-1,-1
11,-1,3177,1324,47,46,0.9989286065101624,-1,-1,-1
12,-1,3205,1314,38,43,0.988243579864502,-1,-1,-1
13,-1,3219,1302,36,42,0.9164461493492126,-1,-1,-1
14,-1,3237,1290,41,46,0.9894583821296692,-1,-1,-1
15,-1,3241,1288,47,46,0.9952064752578735,-1,-1,-1
16,-1,3262,1288,46,47,0.9984952211380005,-1,-1,-1
17,-1,3262,1288,46,47,0.9984760880470276,-1,-1,-1
18,-1,3281,1290,44,46,0.9979338645935059,-1,-1,-1
19,-1,3301,1291,46,54,0.9846293330192566,-1,-1,-1
20,-1,3310,1297,48,49,0.9985146522521973,-1,-1,-1
21,-1,3323,1302,51,50,0.9363941550254822,-1,-1,-1
22,-1,3332,1309,55,54,0.9964489936828613,-1,-1,-1
23,-1,3332,1309,55,54,0.9962942004203796,-1,-1,-1
24,-1,3355,1324,55,43,0.9989750981330872,-1,-1,-1
25,-1,3365,1338,59,48,0.9360772371292114,-1,-1,-1
26,-1,3379,1341,53,55,0.9412161707878113,-1,-1,-1
27,-1,3389,1365,53,44,0.9989281296730042,-1,-1,-1
28,-1,3396,1379,53,45,0.9992652535438538,-1,-1,-1
29,-1,3396,1379,53,45,0.9992755651473999,-1,-1,-1
30,-1,3405,1400,58,50,0.996666669845581,-1,-1,-1
31,-1,3424,1418,51,45,0.9976041316986084,-1,-1,-1
32,-1,3431,1441,52,43,0.9911734461784363,-1,-1,-1
33,-1,3438,1451,54,42,0.47087785601615906,-1,-1,-1
34,-1,3455,1420,57,41,0.9993971586227417,-1,-1,-1
35,-1,3455,1421,57,40,0.9994166493415833,-1,-1,-1
36,-1,3463,1403,59,42,0.9650920033454895,-1,-1,-1
37,-1,3473,1380,59,38,0.8432586193084717,-1,-1,-1
38,-1,3478,1360,57,43,0.916637122631073,-1,-1,-1
39,-1,3489,1330,65,51,0.9950962662696838,-1,-1,-1
40,-1,3499,1321,60,47,0.9918242692947388,-1,-1,-1
41,-1,3499,1321,60,47,0.9917730689048767,-1,-1,-1
42,-1,3518,1303,43,43,0.8204728960990906,-1,-1,-1
43,-1,3529,1288,39,39,0.8590896129608154,-1,-1,-1
44,-1,3536,1278,38,39,0.9458572268486023,-1,-1,-1
45,-1,3539,1274,38,38,0.8564299941062927,-1,-1,-1
46,-1,3542,1262,38,37,0.6439516544342041,-1,-1,-1
47,-1,3542,1262,38,37,0.6342936754226685,-1,-1,-1
48,-1,3545,1258,36,37,0.6800376176834106,-1,-1,-1
49,-1,3546,1258,35,35,0.6647244095802307,-1,-1,-1
50,-1,3545,1257,35,37,0.7292360663414001,-1,-1,-1
51,-1,3545,1260,35,36,0.7281531691551208,-1,-1,-1
52,-1,3546,1274,35,35,0.3056584596633911,-1,-1,-1
53,-1,3546,1274,35,35,0.3194328844547272,-1,-1,-1
54,-1,3538,1279,38,36,0.9147129654884338,-1,-1,-1
55,-1,3535,1283,40,36,0.9646875262260437,-1,-1,-1
56,-1,3534,1285,40,34,0.9494400024414062,-1,-1,-1
57,-1,3529,1283,43,35,0.9322251081466675,-1,-1,-1
58,-1,3517,1279,45,40,0.6704254150390625,-1,-1,-1
59,-1,3517,1279,45,40,0.6671031713485718,-1,-1,-1
60,-1,3512,1265,53,40,0.4961077570915222,-1,-1,-1
61,-1,3513,1252,44,42,0.9680374264717102,-1,-1,-1
62,-1,3510,1242,39,39,0.9638261198997498,-1,-1,-1
63,-1,3510,1237,37,35,0.9710807800292969,-1,-1,-1
64,-1,3510,1233,37,36,0.9463965892791748,-1,-1,-1
65,-1,3510,1233,37,36,0.9483635425567627,-1,-1,-1
66,-1,3500,1224,49,35,0.8103223443031311,-1,-1,-1
67,-1,3498,1218,50,37,0.9649327397346497,-1,-1,-1
68,-1,3498,1213,54,41,0.9934450387954712,-1,-1,-1
69,-1,3499,1211,51,40,0.987252950668335,-1,-1,-1
70,-1,3500,1207,53,43,0.9926139712333679,-1,-1,-1
71,-1,3499,1207,53,43,0.9927037358283997,-1,-1,-1
72,-1,3501,1207,53,42,0.989283561706543,-1,-1,-1
73,-1,3501,1205,54,41,0.9938600063323975,-1,-1,-1
74,-1,3499,1206,55,42,0.9945777058601379,-1,-1,-1
75,-1,3498,1204,56,41,0.9954065680503845,-1,-1,-1
76,-1,3497,1205,55,39,0.994310736656189,-1,-1,-1
77,-1,3497,1205,55,39,0.9943727254867554,-1,-1,-1
78,-1,3492,1203,53,39,0.9957026839256287,-1,-1,-1
79,-1,3488,1203,53,40,0.996594250202179,-1,-1,-1
80,-1,3485,1202,50,38,0.9960424900054932,-1,-1,-1
81,-1,3477,1194,50,38,0.9833311438560486,-1,-1,-1
82,-1,3466,1176,48,34,0.9936026334762573,-1,-1,-1
83,-1,3466,1176,48,34,0.9936460852622986,-1,-1,-1
84,-1,3458,1164,41,34,0.8086438775062561,-1,-1,-1
85,-1,3418,1136,41,43,0.4875659644603729,-1,-1,-1
86,-1,3389,1121,46,39,0.4000731110572815,-1,-1,-1
88,-1,3340,1097,57,42,0.46275225281715393,-1,-1,-1
89,-1,3340,1097,57,42,0.4723493754863739,-1,-1,-1
90,-1,3325,1094,53,42,0.8905771374702454,-1,-1,-1
91,-1,3293,1089,41,36,0.457270085811615,-1,-1,-1
92,-1,3267,1084,46,37,0.9409492015838623,-1,-1,-1
93,-1,3239,1083,44,34,0.9824250340461731,-1,-1,-1
94,-1,3198,1076,52,45,0.984797477722168,-1,-1,-1
95,-1,3198,1076,52,45,0.9849898815155029,-1,-1,-1
96,-1,3170,1076,42,42,0.8056107759475708,-1,-1,-1
98,-1,3109,1086,51,43,0.9990759491920471,-1,-1,-1
99,-1,3082,1093,54,47,0.9972481727600098,-1,-1,-1
100,-1,3055,1100,53,51,0.9887993335723877,-1,-1,-1
101,-1,3055,1100,53,51,0.988795816898346,-1,-1,-1
102,-1,3018,1114,52,49,0.9941980242729187,-1,-1,-1
103,-1,2988,1130,54,43,0.9866911768913269,-1,-1,-1
104,-1,2962,1145,47,49,0.9185675382614136,-1,-1,-1
105,-1,2926,1166,56,36,0.6630921363830566,-1,-1,-1
106,-1,2883,1186,61,40,0.873975396156311,-1,-1,-1
107,-1,2884,1185,60,41,0.8774927258491516,-1,-1,-1
108,-1,2853,1207,57,41,0.9935382604598999,-1,-1,-1
109,-1,2834,1230,53,43,0.9864076972007751,-1,-1,-1
110,-1,2819,1250,44,37,0.9749541282653809,-1,-1,-1
115,-1,2649,1388,71,39,0.8093277215957642,-1,-1,-1
116,-1,2608,1429,56,32,0.8863565921783447,-1,-1,-1
117,-1,2578,1466,53,36,0.997176468372345,-1,-1,-1
118,-1,2552,1507,44,33,0.9943879246711731,-1,-1,-1
119,-1,2552,1507,44,33,0.9943928718566895,-1,-1,-1
120,-1,2510,1550,47,34,0.9991068243980408,-1,-1,-1
121,-1,2496,1567,38,36,0.9542158842086792,-1,-1,-1
122,-1,2477,1542,42,35,0.9981977939605713,-1,-1,-1
123,-1,2459,1512,44,41,0.9932889938354492,-1,-1,-1
124,-1,2440,1490,42,38,0.9994604587554932,-1,-1,-1
125,-1,2440,1490,42,38,0.9994570016860962,-1,-1,-1
126,-1,2429,1468,47,36,0.9992009401321411,-1,-1,-1
127,-1,2421,1446,38,38,0.9911298155784607,-1,-1,-1
128,-1,2399,1429,46,36,0.9985066056251526,-1,-1,-1
129,-1,2380,1413,48,37,0.9998455047607422,-1,-1,-1
130,-1,2361,1392,44,50,0.9822545647621155,-1,-1,-1
131,-1,2361,1392,44,50,0.9829282760620117,-1,-1,-1
132,-1,2347,1382,48,41,0.999497652053833,-1,-1,-1
133,-1,2332,1370,52,37,0.9959865212440491,-1,-1,-1
134,-1,2316,1362,53,40,0.9996479749679565,-1,-1,-1
135,-1,2298,1353,48,45,0.9970871806144714,-1,-1,-1
136,-1,2276,1343,59,57,0.9193385243415833,-1,-1,-1
137,-1,2276,1344,59,56,0.921186625957489,-1,-1,-1
138,-1,2264,1347,58,46,0.6013259291648865,-1,-1,-1
139,-1,2248,1347,57,42,0.8708216547966003,-1,-1,-1
140,-1,2244,1340,43,42,0.9717724323272705,-1,-1,-1
141,-1,2244,1340,44,46,0.9347068667411804,-1,-1,-1
142,-1,2244,1348,48,51,0.683250904083252,-1,-1,-1
143,-1,2244,1348,48,51,0.687492311000824,-1,-1,-1
144,-1,2243,1358,51,53,0.9809044003486633,-1,-1,-1
145,-1,2244,1364,54,48,0.9789857268333435,-1,-1,-1
146,-1,2250,1378,46,49,0.9809828996658325,-1,-1,-1
147,-1,2254,1389,52,53,0.871618390083313,-1,-1,-1
148,-1,2257,1401,54,48,0.9331965446472168,-1,-1,-1
149,-1,2257,1401,54,48,0.9333887100219727,-1,-1,-1
150,-1,2264,1416,56,44,0.9915308356285095,-1,-1,-1
151,-1,2269,1430,49,44,0.6547014713287354,-1,-1,-1
152,-1,2268,1449,55,39,0.9982343912124634,-1,-1,-1
153,-1,2273,1468,48,39,0.99876469373703,-1,-1,-1
154,-1,2271,1485,52,45,0.999153733253479,-1,-1,-1
155,-1,2271,1485,52,45,0.9991497993469238,-1,-1,-1
156,-1,2271,1507,56,50,0.9959153532981873,-1,-1,-1
157,-1,2272,1532,52,47,0.9989936351776123,-1,-1,-1
158,-1,2277,1561,45,47,0.9950176477432251,-1,-1,-1
159,-1,2280,1592,47,46,0.988063395023346,-1,-1,-1
160,-1,2277,1627,53,42,0.9916408061981201,-1,-1,-1
161,-1,2277,1627,53,42,0.9916707277297974,-1,-1,-1
162,-1,2279,1647,49,66,0.9129080772399902,-1,-1,-1
163,-1,2278,1630,58,68,0.5765044689178467,-1,-1,-1
165,-1,2280,1606,52,51,0.850951075553894,-1,-1,-1
166,-1,2295,1580,43,52,0.9740737676620483,-1,-1,-1
167,-1,2295,1580,43,52,0.9752143025398254,-1,-1,-1
168,-1,2286,1570,47,47,0.9990239143371582,-1,-1,-1
169,-1,2285,1553,52,53,0.9213263988494873,-1,-1,-1
170,-1,2292,1548,51,49,0.997606635093689,-1,-1,-1
171,-1,2296,1548,50,51,0.9951460361480713,-1,-1,-1
172,-1,2307,1550,50,47,0.995032787322998,-1,-1,-1
173,-1,2307,1550,50,47,0.9950945377349854,-1,-1,-1
174,-1,2314,1553,45,42,0.9964702725410461,-1,-1,-1
175,-1,2322,1554,45,40,0.988383412361145,-1,-1,-1
176,-1,2322,1551,46,44,0.9868116974830627,-1,-1,-1
177,-1,2322,1548,46,44,0.99617999792099,-1,-1,-1
178,-1,2334,1543,44,44,0.990987241268158,-1,-1,-1
179,-1,2334,1544,44,44,0.9908759593963623,-1,-1,-1
180,-1,2337,1545,52,40,0.9156926870346069,-1,-1,-1
181,-1,2340,1538,51,41,0.9977784156799316,-1,-1,-1
182,-1,2341,1536,51,41,0.9989916086196899,-1,-1,-1
183,-1,2343,1532,51,42,0.9990532994270325,-1,-1,-1
184,-1,2343,1531,50,41,0.9989880919456482,-1,-1,-1
185,-1,2343,1531,49,41,0.998978316783905,-1,-1,-1
186,-1,2339,1530,56,40,0.998500406742096,-1,-1,-1
187,-1,2341,1532,57,43,0.9993561506271362,-1,-1,-1
188,-1,2343,1536,55,38,0.9994239211082458,-1,-1,-1
189,-1,2345,1533,48,39,0.9969496130943298,-1,-1,-1
190,-1,2345,1534,46,38,0.9899240136146545,-1,-1,-1
191,-1,2345,1534,46,38,0.9898602366447449,-1,-1,-1
192,-1,2340,1533,49,39,0.8727008104324341,-1,-1,-1
202,-1,2322,1535,48,48,0.8109571933746338,-1,-1,-1
203,-1,2322,1535,48,48,0.8193390369415283,-1,-1,-1
204,-1,2322,1543,48,47,0.9893039464950562,-1,-1,-1
205,-1,2324,1555,55,49,0.7716891169548035,-1,-1,-1
206,-1,2324,1560,55,45,0.9904409646987915,-1,-1,-1
207,-1,2324,1566,54,43,0.9980202317237854,-1,-1,-1
208,-1,2324,1572,53,42,0.9982486963272095,-1,-1,-1
209,-1,2324,1572,53,42,0.9982534646987915,-1,-1,-1
210,-1,2325,1580,46,43,0.9985182881355286,-1,-1,-1
211,-1,2323,1586,43,39,0.9989471435546875,-1,-1,-1
212,-1,2324,1589,43,39,0.9991137981414795,-1,-1,-1
213,-1,2321,1592,46,38,0.9989000558853149,-1,-1,-1
214,-1,2317,1591,46,39,0.9990901350975037,-1,-1,-1
215,-1,2317,1591,46,39,0.9991121292114258,-1,-1,-1
216,-1,2316,1592,45,39,0.9986600279808044,-1,-1,-1
217,-1,2310,1592,49,43,0.9951116442680359,-1,-1,-1
218,-1,2305,1593,50,45,0.9851559400558472,-1,-1,-1
219,-1,2299,1596,51,42,0.9704886674880981,-1,-1,-1
220,-1,2293,1594,52,46,0.9579520225524902,-1,-1,-1
221,-1,2293,1594,52,46,0.957763135433197,-1,-1,-1
222,-1,2291,1594,48,45,0.8996796607971191,-1,-1,-1
223,-1,2284,1599,49,46,0.7701153755187988,-1,-1,-1
224,-1,2278,1600,48,46,0.8856809735298157,-1,-1,-1
225,-1,2277,1602,47,52,0.977695107460022,-1,-1,-1
226,-1,2275,1606,44,44,0.9845076203346252,-1,-1,-1
227,-1,2275,1606,44,44,0.9843052625656128,-1,-1,-1
228,-1,2273,1610,43,43,0.996571958065033,-1,-1,-1
229,-1,2268,1614,44,44,0.9388433694839478,-1,-1,-1
230,-1,2262,1613,48,45,0.6618227958679199,-1,-1,-1
231,-1,2250,1622,45,42,0.9971795678138733,-1,-1,-1
232,-1,2249,1626,43,42,0.9978411793708801,-1,-1,-1
233,-1,2249,1626,43,42,0.997835636138916,-1,-1,-1
234,-1,2242,1626,42,43,0.9985144734382629,-1,-1,-1
235,-1,2242,1631,41,40,0.9975872039794922,-1,-1,-1
236,-1,2235,1631,45,41,0.9988572597503662,-1,-1,-1
237,-1,2226,1632,45,40,0.9984970688819885,-1,-1,-1
238,-1,2224,1633,42,42,0.9959539175033569,-1,-1,-1
239,-1,2224,1633,42,42,0.9959813952445984,-1,-1,-1
240,-1,2212,1632,43,47,0.9865289926528931,-1,-1,-1
241,-1,2210,1631,43,50,0.9885697364807129,-1,-1,-1
242,-1,2205,1631,44,51,0.9795243144035339,-1,-1,-1
243,-1,2203,1632,43,49,0.9647985100746155,-1,-1,-1
244,-1,2201,1632,44,48,0.9886730909347534,-1,-1,-1
245,-1,2201,1632,44,48,0.9887027144432068,-1,-1,-1
246,-1,2197,1636,41,43,0.8641880750656128,-1,-1,-1
247,-1,2185,1633,54,48,0.6377373933792114,-1,-1,-1
248,-1,2179,1633,49,48,0.9688387513160706,-1,-1,-1
249,-1,2171,1637,45,43,0.9526548385620117,-1,-1,-1
250,-1,2165,1639,49,42,0.8909239172935486,-1,-1,-1
251,-1,2165,1639,49,42,0.8887908458709717,-1,-1,-1
252,-1,2152,1638,55,50,0.7586759328842163,-1,-1,-1
253,-1,2149,1640,51,45,0.7065991163253784,-1,-1,-1
254,-1,2140,1639,53,48,0.7715230584144592,-1,-1,-1
255,-1,2137,1638,45,41,0.7315495014190674,-1,-1,-1
256,-1,2134,1637,43,43,0.7712939977645874,-1,-1,-1
257,-1,2133,1638,43,42,0.7640221118927002,-1,-1,-1
258,-1,2133,1638,41,42,0.8622890710830688,-1,-1,-1
259,-1,2131,1639,39,40,0.8868898749351501,-1,-1,-1
260,-1,2126,1637,41,44,0.9405617713928223,-1,-1,-1
261,-1,2126,1638,40,42,0.877305269241333,-1,-1,-1
262,-1,2123,1635,41,47,0.6755894422531128,-1,-1,-1
263,-1,2123,1635,41,47,0.6800938844680786,-1,-1,-1
264,-1,2109,1637,53,44,0.5014501214027405,-1,-1,-1
265,-1,2102,1636,57,54,0.6380985975265503,-1,-1,-1
266,-1,2096,1635,57,56,0.9183884859085083,-1,-1,-1
267,-1,2092,1635,55,56,0.882464587688446,-1,-1,-1
268,-1,2085,1636,58,55,0.9360151290893555,-1,-1,-1
269,-1,2085,1636,58,55,0.93874192237854,-1,-1,-1
270,-1,2080,1641,55,49,0.9808542132377625,-1,-1,-1
271,-1,2075,1643,60,47,0.9912672638893127,-1,-1,-1
272,-1,2071,1646,53,46,0.9845187067985535,-1,-1,-1
273,-1,2066,1650,57,42,0.976371705532074,-1,-1,-1
274,-1,2063,1649,52,43,0.9750150442123413,-1,-1,-1
275,-1,2063,1649,52,43,0.9737942814826965,-1,-1,-1
276,-1,2058,1648,50,46,0.9773900508880615,-1,-1,-1
277,-1,2056,1648,49,46,0.9757711887359619,-1,-1,-1
278,-1,2053,1649,49,46,0.9881483912467957,-1,-1,-1
279,-1,2052,1649,45,45,0.980225145816803,-1,-1,-1
280,-1,2049,1647,48,45,0.9626197218894958,-1,-1,-1
281,-1,2049,1647,48,45,0.9630622267723083,-1,-1,-1
282,-1,2045,1645,52,45,0.9247125387191772,-1,-1,-1
283,-1,2044,1645,50,45,0.7465373277664185,-1,-1,-1
284,-1,2034,1639,57,57,0.7682734727859497,-1,-1,-1
285,-1,2031,1639,58,56,0.9237404465675354,-1,-1,-1
286,-1,2027,1638,57,53,0.8723000288009644,-1,-1,-1
287,-1,2027,1638,57,53,0.8737053871154785,-1,-1,-1
288,-1,2026,1639,55,49,0.857828676700592,-1,-1,-1
289,-1,2019,1634,54,55,0.6714798212051392,-1,-1,-1
290,-1,2022,1634,51,50,0.8745718598365784,-1,-1,-1
291,-1,2019,1633,52,47,0.9142295718193054,-1,-1,-1
292,-1,2017,1630,52,50,0.9638486504554749,-1,-1,-1
293,-1,2017,1630,52,50,0.9641419649124146,-1,-1,-1
294,-1,2016,1627,49,51,0.9903120398521423,-1,-1,-1
295,-1,2017,1629,46,48,0.993667721748352,-1,-1,-1
296,-1,2015,1626,45,49,0.9956989288330078,-1,-1,-1
297,-1,2014,1625,46,50,0.9975284934043884,-1,-1,-1
298,-1,2013,1624,43,46,0.9991698861122131,-1,-1,-1
299,-1,2013,1624,43,46,0.9991571307182312,-1,-1,-1
300,-1,2008,1622,45,46,0.9991937875747681,-1,-1,-1
301,-1,2001,1623,49,39,0.9983946681022644,-1,-1,-1
302,-1,1997,1624,52,37,0.999180793762207,-1,-1,-1
303,-1,1995,1623,54,38,0.9986146092414856,-1,-1,-1
304,-1,1992,1621,54,39,0.9974161982536316,-1,-1,-1
305,-1,1992,1621,54,39,0.9973971247673035,-1,-1,-1
306,-1,1989,1621,55,38,0.9957590699195862,-1,-1,-1
307,-1,1989,1619,55,37,0.9967427253723145,-1,-1,-1
308,-1,1987,1617,55,39,0.9980080127716064,-1,-1,-1
309,-1,1986,1616,55,39,0.9980062246322632,-1,-1,-1
310,-1,1986,1616,55,40,0.9979928135871887,-1,-1,-1
311,-1,1986,1616,55,40,0.9980044364929199,-1,-1,-1
312,-1,1986,1615,55,40,0.9983299374580383,-1,-1,-1
313,-1,1987,1614,55,39,0.9982000589370728,-1,-1,-1
314,-1,1989,1616,54,38,0.9984383583068848,-1,-1,-1
315,-1,1989,1615,55,39,0.9975242614746094,-1,-1,-1
316,-1,1989,1615,55,39,0.9975410103797913,-1,-1,-1
317,-1,1991,1615,55,38,0.9973823428153992,-1,-1,-1
318,-1,1994,1616,56,38,0.9979178309440613,-1,-1,-1
319,-1,1998,1618,55,37,0.9978021383285522,-1,-1,-1
320,-1,2007,1616,50,37,0.9965503215789795,-1,-1,-1
321,-1,2014,1616,50,37,0.9989137649536133,-1,-1,-1
322,-1,2014,1616,50,37,0.9989201426506042,-1,-1,-1
323,-1,2017,1615,54,38,0.998494565486908,-1,-1,-1
324,-1,2025,1613,54,42,0.9981309771537781,-1,-1,-1
325,-1,2034,1609,59,44,0.9534328579902649,-1,-1,-1
326,-1,2042,1609,54,39,0.9935722947120667,-1,-1,-1
327,-1,2049,1607,50,44,0.997898519039154,-1,-1,-1
328,-1,2049,1607,50,44,0.9978512525558472,-1,-1,-1
329,-1,2049,1602,53,48,0.9917789697647095,-1,-1,-1
330,-1,2062,1595,50,45,0.7790000438690186,-1,-1,-1
331,-1,2069,1591,53,39,0.9993534684181213,-1,-1,-1
332,-1,2078,1583,52,39,0.9996256828308105,-1,-1,-1
333,-1,2080,1571,53,43,0.9997223019599915,-1,-1,-1
334,-1,2080,1571,53,43,0.9997244477272034,-1,-1,-1
335,-1,2065,1552,61,53,0.936587393283844,-1,-1,-1
336,-1,2070,1549,50,47,0.9931950569152832,-1,-1,-1
337,-1,2068,1547,51,49,0.9919758439064026,-1,-1,-1
338,-1,2081,1549,50,47,0.991967499256134,-1,-1,-1
339,-1,2108,1555,49,40,0.9148695468902588,-1,-1,-1
340,-1,2108,1555,49,40,0.9148122668266296,-1,-1,-1
341,-1,2130,1571,55,41,0.999506950378418,-1,-1,-1
342,-1,2174,1592,51,36,0.9995629191398621,-1,-1,-1
343,-1,2208,1615,49,37,0.9980941414833069,-1,-1,-1
344,-1,2243,1633,54,41,0.9966856837272644,-1,-1,-1
345,-1,2278,1657,48,48,0.9991517663002014,-1,-1,-1
346,-1,2278,1657,48,48,0.9991498589515686,-1,-1,-1
347,-1,2315,1682,49,47,0.9835099577903748,-1,-1,-1
348,-1,2352,1717,46,41,0.997861921787262,-1,-1,-1
349,-1,2383,1748,45,41,0.9998341798782349,-1,-1,-1
350,-1,2418,1775,53,45,0.9972184896469116,-1,-1,-1
351,-1,2441,1783,55,48,0.9992622137069702,-1,-1,-1
352,-1,2441,1783,55,48,0.9992718696594238,-1,-1,-1
353,-1,2461,1759,57,49,0.9665250778198242,-1,-1,-1
354,-1,2494,1742,48,47,0.9983177781105042,-1,-1,-1
355,-1,2503,1718,53,49,0.7389466166496277,-1,-1,-1
356,-1,2532,1697,52,54,0.9990443587303162,-1,-1,-1
357,-1,2557,1680,59,62,0.8334660530090332,-1,-1,-1
358,-1,2558,1680,58,62,0.8326600193977356,-1,-1,-1
359,-1,2580,1666,65,59,0.9863075017929077,-1,-1,-1
360,-1,2600,1658,66,56,0.9967176914215088,-1,-1,-1
361,-1,2624,1651,74,58,0.9009010791778564,-1,-1,-1
362,-1,2630,1644,73,56,0.9827534556388855,-1,-1,-1
363,-1,2644,1632,63,65,0.5326428413391113,-1,-1,-1
364,-1,2644,1632,63,65,0.5307337045669556,-1,-1,-1
365,-1,2665,1613,60,74,0.42488187551498413,-1,-1,-1
475,-1,2613,1496,50,46,0.9917698502540588,-1,-1,-1
476,-1,2574,1455,57,49,0.9977468252182007,-1,-1,-1
477,-1,2548,1425,62,49,0.9783326387405396,-1,-1,-1
478,-1,2548,1425,62,49,0.9781203269958496,-1,-1,-1
479,-1,2514,1393,62,58,0.9871904850006104,-1,-1,-1
480,-1,2500,1369,50,44,0.9959575533866882,-1,-1,-1
481,-1,2459,1343,52,47,0.9689663648605347,-1,-1,-1
482,-1,2439,1327,39,38,0.998451828956604,-1,-1,-1
483,-1,2417,1305,45,45,0.9609301090240479,-1,-1,-1
484,-1,2417,1305,45,45,0.9596055150032043,-1,-1,-1
485,-1,2391,1295,40,31,0.9997814297676086,-1,-1,-1
486,-1,2367,1279,40,38,0.9983673095703125,-1,-1,-1
487,-1,2345,1263,45,41,0.9962709546089172,-1,-1,-1
488,-1,2332,1259,34,32,0.9983751773834229,-1,-1,-1
489,-1,2309,1249,36,33,0.9990732669830322,-1,-1,-1
490,-1,2309,1249,36,33,0.9990981221199036,-1,-1,-1
491,-1,2292,1248,34,32,0.9877697825431824,-1,-1,-1
492,-1,2280,1244,37,37,0.9852813482284546,-1,-1,-1
493,-1,2271,1253,40,41,0.9017810821533203,-1,-1,-1
494,-1,2263,1264,41,35,0.8858051896095276,-1,-1,-1
495,-1,2259,1269,46,33,0.6411544680595398,-1,-1,-1
496,-1,2259,1269,46,33,0.6390038132667542,-1,-1,-1
497,-1,2255,1269,44,39,0.6958538293838501,-1,-1,-1
498,-1,2255,1265,41,37,0.9494675993919373,-1,-1,-1
499,-1,2255,1263,38,34,0.9878899455070496,-1,-1,-1
500,-1,2255,1261,35,35,0.9910448789596558,-1,-1,-1
501,-1,2256,1259,36,36,0.9908241629600525,-1,-1,-1
502,-1,2256,1259,36,36,0.9909102916717529,-1,-1,-1
503,-1,2262,1263,35,33,0.9866194725036621,-1,-1,-1
504,-1,2264,1265,37,32,0.939163863658905,-1,-1,-1
505,-1,2262,1267,41,35,0.612676739692688,-1,-1,-1
506,-1,2264,1273,40,42,0.919589102268219,-1,-1,-1
507,-1,2264,1284,39,39,0.9095911383628845,-1,-1,-1
508,-1,2264,1284,39,39,0.9133221507072449,-1,-1,-1
509,-1,2272,1294,36,33,0.8567720651626587,-1,-1,-1
510,-1,2273,1296,36,31,0.9942847490310669,-1,-1,-1
511,-1,2273,1293,37,32,0.9980840086936951,-1,-1,-1
512,-1,2279,1290,33,33,0.9991701245307922,-1,-1,-1
513,-1,2281,1289,37,33,0.9991770386695862,-1,-1,-1
514,-1,2281,1289,37,33,0.9991769194602966,-1,-1,-1
515,-1,2282,1286,37,34,0.999241054058075,-1,-1,-1
516,-1,2284,1280,34,39,0.9989214539527893,-1,-1,-1
517,-1,2287,1281,31,36,0.9977902173995972,-1,-1,-1
518,-1,2289,1275,32,40,0.9930601716041565,-1,-1,-1
519,-1,2292,1277,33,37,0.9933173656463623,-1,-1,-1
520,-1,2293,1277,32,37,0.9932583570480347,-1,-1,-1
521,-1,2303,1274,29,35,0.9355654716491699,-1,-1,-1
522,-1,2308,1278,32,36,0.995599627494812,-1,-1,-1
523,-1,2314,1288,33,31,0.9994356036186218,-1,-1,-1
524,-1,2322,1297,32,33,0.9988824725151062,-1,-1,-1
525,-1,2327,1297,33,36,0.9993768930435181,-1,-1,-1
526,-1,2327,1297,33,36,0.9994148015975952,-1,-1,-1
527,-1,2330,1287,33,36,0.9988039135932922,-1,-1,-1
528,-1,2335,1282,38,34,0.9989202618598938,-1,-1,-1
529,-1,2345,1291,36,31,0.864852786064148,-1,-1,-1
530,-1,2352,1295,40,35,0.9997977614402771,-1,-1,-1
531,-1,2362,1312,34,41,0.9729592800140381,-1,-1,-1
532,-1,2362,1312,34,41,0.9733635783195496,-1,-1,-1
533,-1,2376,1343,40,39,0.998490035533905,-1,-1,-1
534,-1,2381,1377,37,40,0.9932817220687866,-1,-1,-1
535,-1,2383,1406,44,47,0.9981515407562256,-1,-1,-1
536,-1,2387,1378,39,45,0.9910580515861511,-1,-1,-1
537,-1,2387,1366,37,35,0.9924495816230774,-1,-1,-1
538,-1,2387,1366,37,35,0.9925224781036377,-1,-1,-1
539,-1,2396,1352,44,36,0.65726637840271,-1,-1,-1
540,-1,2392,1342,39,35,0.9952548146247864,-1,-1,-1
541,-1,2399,1337,41,38,0.9979244470596313,-1,-1,-1
542,-1,2406,1334,54,36,0.9597623944282532,-1,-1,-1
543,-1,2423,1323,50,48,0.9985366463661194,-1,-1,-1
544,-1,2423,1323,50,48,0.9985196590423584,-1,-1,-1
545,-1,2436,1327,51,49,0.9980430603027344,-1,-1,-1
546,-1,2467,1332,40,43,0.994692325592041,-1,-1,-1
547,-1,2494,1343,43,43,0.9385703802108765,-1,-1,-1
548,-1,2513,1368,42,38,0.9969102144241333,-1,-1,-1
549,-1,2550,1386,46,39,0.9522826075553894,-1,-1,-1
550,-1,2550,1386,46,39,0.9515429139137268,-1,-1,-1
551,-1,2566,1416,52,43,0.9991946816444397,-1,-1,-1
552,-1,2583,1450,58,50,0.9976198673248291,-1,-1,-1
553,-1,2597,1454,53,40,0.998582661151886,-1,-1,-1
554,-1,2609,1431,42,38,0.9778116345405579,-1,-1,-1
555,-1,2615,1408,39,40,0.9977960586547852,-1,-1,-1
556,-1,2615,1408,39,40,0.9978167414665222,-1,-1,-1
557,-1,2633,1386,43,37,0.7349019646644592,-1,-1,-1
558,-1,2647,1375,53,40,0.9996046423912048,-1,-1,-1
559,-1,2686,1365,49,44,0.9991616606712341,-1,-1,-1
560,-1,2703,1360,48,42,0.9117866158485413,-1,-1,-1
561,-1,2728,1370,44,32,0.9951367974281311,-1,-1,-1
562,-1,2728,1370,44,32,0.9950598478317261,-1,-1,-1
563,-1,2752,1367,45,39,0.9954386353492737,-1,-1,-1
564,-1,2772,1366,50,40,0.9926137328147888,-1,-1,-1
565,-1,2794,1368,41,35,0.9956004023551941,-1,-1,-1
566,-1,2814,1365,41,35,0.9984453320503235,-1,-1,-1
567,-1,2834,1361,52,44,0.9990746974945068,-1,-1,-1
568,-1,2834,1361,52,44,0.9990414977073669,-1,-1,-1
569,-1,2865,1369,46,34,0.9988583326339722,-1,-1,-1
570,-1,2885,1367,41,37,0.9965730905532837,-1,-1,-1
571,-1,2901,1395,44,46,0.8382793068885803,-1,-1,-1
576,-1,2879,1381,42,36,0.9451308846473694,-1,-1,-1
577,-1,2880,1379,45,36,0.8506633639335632,-1,-1,-1
579,-1,3049,1359,53,40,0.9979842901229858,-1,-1,-1
580,-1,3049,1359,53,40,0.9979889392852783,-1,-1,-1
581,-1,3086,1347,48,37,0.9853903651237488,-1,-1,-1
582,-1,3105,1330,50,41,0.974981963634491,-1,-1,-1
583,-1,3116,1311,52,40,0.5798553228378296,-1,-1,-1
584,-1,3145,1303,49,38,0.9497338533401489,-1,-1,-1
585,-1,3160,1291,49,48,0.9982423186302185,-1,-1,-1
586,-1,3160,1291,49,47,0.9981875419616699,-1,-1,-1
587,-1,3174,1298,50,43,0.9981006383895874,-1,-1,-1
588,-1,3205,1307,45,41,0.7494430541992188,-1,-1,-1
589,-1,3222,1321,49,37,0.7890310883522034,-1,-1,-1
590,-1,3239,1336,45,42,0.9998291730880737,-1,-1,-1
591,-1,3251,1346,51,45,0.917131245136261,-1,-1,-1
592,-1,3251,1346,51,45,0.9148441553115845,-1,-1,-1
593,-1,3282,1357,48,49,0.995857834815979,-1,-1,-1
594,-1,3265,1360,54,52,0.9959061741828918,-1,-1,-1
595,-1,3242,1351,51,57,0.8033496737480164,-1,-1,-1
596,-1,3247,1368,44,57,0.9675540924072266,-1,-1,-1
597,-1,3234,1365,49,54,0.9976116418838501,-1,-1,-1
598,-1,3234,1365,50,54,0.9976474642753601,-1,-1,-1
599,-1,3224,1365,51,49,0.9371850490570068,-1,-1,-1
600,-1,3210,1381,48,45,0.9803295135498047,-1,-1,-1
601,-1,3200,1407,57,47,0.5062844157218933,-1,-1,-1
605,-1,3206,1416,51,48,0.995398998260498,-1,-1,-1
606,-1,3192,1424,65,63,0.6694173812866211,-1,-1,-1
607,-1,3170,1441,62,47,0.9686347246170044,-1,-1,-1
608,-1,3158,1450,61,40,0.9915690422058105,-1,-1,-1
609,-1,3153,1448,53,45,0.8729586601257324,-1,-1,-1
610,-1,3154,1450,52,44,0.8746356964111328,-1,-1,-1
611,-1,3130,1469,52,34,0.9271113872528076,-1,-1,-1
612,-1,3101,1478,54,42,0.8656020164489746,-1,-1,-1
613,-1,3084,1493,55,36,0.9668213725090027,-1,-1,-1
621,-1,2421,1232,39,50,0.31252965331077576,-1,-1,-1
622,-1,2422,1232,38,49,0.3078795373439789,-1,-1,-1
625,-1,2982,1427,45,35,0.911251425743103,-1,-1,-1
626,-1,2956,1416,42,35,0.8139401078224182,-1,-1,-1
635,-1,2804,1385,45,29,0.9968339204788208,-1,-1,-1
636,-1,2777,1415,47,34,0.9047285914421082,-1,-1,-1
637,-1,2760,1409,44,37,0.9965839982032776,-1,-1,-1
638,-1,2746,1379,48,32,0.9995132684707642,-1,-1,-1
639,-1,2735,1342,50,38,0.9978322982788086,-1,-1,-1
640,-1,2735,1342,50,38,0.9977770447731018,-1,-1,-1
641,-1,2724,1328,41,30,0.9358510971069336,-1,-1,-1
642,-1,2689,1319,42,33,0.7939431071281433,-1,-1,-1
643,-1,2658,1310,44,31,0.6181988716125488,-1,-1,-1
644,-1,2609,1304,54,41,0.924248456954956,-1,-1,-1
645,-1,2583,1309,45,33,0.8625741600990295,-1,-1,-1
646,-1,2583,1309,45,33,0.863899827003479,-1,-1,-1
647,-1,2536,1309,41,33,0.9270868897438049,-1,-1,-1
648,-1,2510,1308,36,35,0.5559259653091431,-1,-1,-1
649,-1,2475,1312,42,39,0.9841784238815308,-1,-1,-1
650,-1,2434,1319,47,39,0.9988648295402527,-1,-1,-1
651,-1,2409,1324,48,39,0.9781345129013062,-1,-1,-1
652,-1,2409,1324,48,39,0.9785201549530029,-1,-1,-1
653,-1,2395,1310,54,33,0.9033128619194031,-1,-1,-1
654,-1,2378,1299,51,33,0.9997549653053284,-1,-1,-1
655,-1,2367,1284,51,39,0.9984403252601624,-1,-1,-1
656,-1,2358,1266,44,49,0.9633774161338806,-1,-1,-1
657,-1,2340,1267,48,32,0.871829628944397,-1,-1,-1
658,-1,2340,1267,48,32,0.8684214353561401,-1,-1,-1
659,-1,2328,1264,40,26,0.9993522763252258,-1,-1,-1
660,-1,2317,1256,37,28,0.9993228316307068,-1,-1,-1
661,-1,2302,1252,41,29,0.9962934255599976,-1,-1,-1
662,-1,2286,1246,37,29,0.6246280670166016,-1,-1,-1
663,-1,2279,1248,45,32,0.9575085639953613,-1,-1,-1
664,-1,2279,1248,45,32,0.9577130675315857,-1,-1,-1
665,-1,2256,1260,42,31,0.9962296485900879,-1,-1,-1
666,-1,2244,1264,39,38,0.9897786974906921,-1,-1,-1
667,-1,2229,1250,40,33,0.9758500456809998,-1,-1,-1
668,-1,2228,1223,35,29,0.8574057221412659,-1,-1,-1
669,-1,2213,1205,32,30,0.782154381275177,-1,-1,-1
670,-1,2212,1205,33,30,0.822340726852417,-1,-1,-1
677,-1,2000,1125,35,43,0.48136505484580994,-1,-1,-1
687,-1,1858,1122,39,22,0.5232183933258057,-1,-1,-1
688,-1,1858,1122,39,22,0.48124971985816956,-1,-1,-1
689,-1,1868,1120,38,22,0.3460313379764557,-1,-1,-1
691,-1,1723,1177,40,37,0.5118345022201538,-1,-1,-1
693,-1,1658,1174,51,36,0.6340898871421814,-1,-1,-1
694,-1,1658,1174,51,36,0.6341609358787537,-1,-1,-1
696,-1,1634,1137,38,34,0.8900890350341797,-1,-1,-1
697,-1,1597,1120,41,34,0.8119715452194214,-1,-1,-1
698,-1,1585,1112,40,34,0.9884265661239624,-1,-1,-1
699,-1,1559,1104,44,30,0.9497830271720886,-1,-1,-1
700,-1,1558,1104,45,30,0.9449392557144165,-1,-1,-1
701,-1,1536,1103,40,28,0.9922707080841064,-1,-1,-1
702,-1,1512,1097,44,27,0.9979956150054932,-1,-1,-1
703,-1,1482,1102,48,30,0.9787267446517944,-1,-1,-1
704,-1,1459,1122,42,29,0.8774190545082092,-1,-1,-1
713,-1,1292,1125,43,32,0.9097216129302979,-1,-1,-1
714,-1,1280,1115,41,31,0.9252283573150635,-1,-1,-1
715,-1,1259,1102,46,29,0.9684207439422607,-1,-1,-1
716,-1,1224,1098,47,35,0.9614637494087219,-1,-1,-1
717,-1,1204,1096,41,40,0.9924905896186829,-1,-1,-1
718,-1,1204,1096,41,40,0.9917009472846985,-1,-1,-1
719,-1,1173,1103,39,34,0.9214835166931152,-1,-1,-1
720,-1,1147,1113,41,32,0.9732592701911926,-1,-1,-1
721,-1,1148,1130,31,37,0.9272433519363403,-1,-1,-1
722,-1,1145,1120,32,33,0.889563798904419,-1,-1,-1
723,-1,1125,1127,32,33,0.9581917524337769,-1,-1,-1
724,-1,1124,1128,32,33,0.9589085578918457,-1,-1,-1
725,-1,1106,1120,27,33,0.7241310477256775,-1,-1,-1
726,-1,1081,1127,24,27,0.9055994749069214,-1,-1,-1
727,-1,1030,1151,36,28,0.7589161396026611,-1,-1,-1
728,-1,1001,1148,38,25,0.7634325623512268,-1,-1,-1
729,-1,990,1146,33,27,0.9328533411026001,-1,-1,-1
730,-1,989,1146,33,28,0.9370148777961731,-1,-1,-1
731,-1,953,1144,38,32,0.9786249995231628,-1,-1,-1
732,-1,932,1139,35,24,0.9499589800834656,-1,-1,-1
733,-1,938,1135,30,24,0.6965086460113525,-1,-1,-1
734,-1,934,1136,30,24,0.6451643109321594,-1,-1,-1
735,-1,915,1158,34,26,0.37329062819480896,-1,-1,-1
736,-1,913,1158,35,26,0.33853721618652344,-1,-1,-1
739,-1,804,1156,40,30,0.8302539587020874,-1,-1,-1
740,-1,781,1133,41,34,0.4641954302787781,-1,-1,-1
741,-1,774,1121,32,31,0.9067835807800293,-1,-1,-1
742,-1,773,1121,32,31,0.9045757055282593,-1,-1,-1
744,-1,673,1129,33,30,0.5487297177314758,-1,-1,-1
747,-1,690,1063,44,30,0.7286548018455505,-1,-1,-1
748,-1,690,1063,44,30,0.7298701405525208,-1,-1,-1
749,-1,667,1068,33,28,0.8827970623970032,-1,-1,-1
750,-1,653,1068,33,27,0.734906017780304,-1,-1,-1
751,-1,653,1069,29,26,0.718497633934021,-1,-1,-1
752,-1,650,1066,31,29,0.5293522477149963,-1,-1,-1
753,-1,628,1077,34,31,0.8959662318229675,-1,-1,-1
754,-1,628,1077,34,31,0.8958057165145874,-1,-1,-1
755,-1,625,1078,36,29,0.9220773577690125,-1,-1,-1
756,-1,625,1080,33,25,0.9690449237823486,-1,-1,-1
757,-1,622,1084,31,24,0.9984828233718872,-1,-1,-1
758,-1,599,1081,34,26,0.9656344056129456,-1,-1,-1
759,-1,607,1075,30,24,0.9901617765426636,-1,-1,-1
760,-1,607,1075,30,24,0.9902737736701965,-1,-1,-1
761,-1,608,1072,32,23,0.9874526858329773,-1,-1,-1
762,-1,604,1073,33,22,0.9785776138305664,-1,-1,-1
763,-1,604,1075,32,23,0.9673442244529724,-1,-1,-1
764,-1,610,1077,32,24,0.9796220064163208,-1,-1,-1
765,-1,611,1081,32,24,0.9826082587242126,-1,-1,-1
766,-1,611,1081,32,24,0.9821642637252808,-1,-1,-1
767,-1,605,1081,33,23,0.9901300072669983,-1,-1,-1
768,-1,605,1085,32,24,0.9964604377746582,-1,-1,-1
769,-1,601,1093,35,25,0.9986900687217712,-1,-1,-1
770,-1,595,1098,36,26,0.9971069693565369,-1,-1,-1
771,-1,594,1104,30,27,0.90435791015625,-1,-1,-1
772,-1,594,1104,30,27,0.903674304485321,-1,-1,-1
773,-1,591,1116,28,22,0.7830905318260193,-1,-1,-1
774,-1,592,1133,26,22,0.9752026200294495,-1,-1,-1
775,-1,603,1146,23,23,0.571007490158081,-1,-1,-1
776,-1,610,1169,27,27,0.8522245287895203,-1,-1,-1
777,-1,624,1087,26,26,0.30988210439682007,-1,-1,-1
778,-1,624,1087,26,26,0.30715084075927734,-1,-1,-1
788,-1,585,1182,27,29,0.7954030632972717,-1,-1,-1
789,-1,580,1177,31,25,0.9507890343666077,-1,-1,-1
790,-1,580,1177,31,25,0.9504743218421936,-1,-1,-1
792,-1,566,1157,29,24,0.7146791815757751,-1,-1,-1
793,-1,570,1153,30,25,0.4320310652256012,-1,-1,-1
795,-1,554,1137,27,21,0.3736580014228821,-1,-1,-1
796,-1,554,1137,27,21,0.36933067440986633,-1,-1,-1
797,-1,547,1136,26,20,0.9041533470153809,-1,-1,-1
798,-1,544,1135,28,20,0.7629891633987427,-1,-1,-1
799,-1,539,1131,29,20,0.8578941226005554,-1,-1,-1
800,-1,532,1132,31,18,0.9872655868530273,-1,-1,-1
801,-1,534,1132,31,19,0.9929808974266052,-1,-1,-1
802,-1,534,1132,31,19,0.9930337071418762,-1,-1,-1
803,-1,528,1134,31,19,0.9982367157936096,-1,-1,-1
804,-1,533,1132,30,19,0.998626172542572,-1,-1,-1
805,-1,532,1135,31,21,0.9989938735961914,-1,-1,-1
806,-1,535,1137,32,21,0.9986577033996582,-1,-1,-1
807,-1,533,1142,36,22,0.9980735182762146,-1,-1,-1
808,-1,533,1142,35,22,0.9980965256690979,-1,-1,-1
809,-1,535,1148,35,22,0.9530755877494812,-1,-1,-1
810,-1,533,1140,29,20,0.8133385181427002,-1,-1,-1
811,-1,536,1141,28,19,0.9136433005332947,-1,-1,-1
812,-1,534,1129,31,20,0.997516930103302,-1,-1,-1
813,-1,541,1129,28,22,0.9714327454566956,-1,-1,-1
814,-1,541,1129,28,22,0.9696941375732422,-1,-1,-1
815,-1,549,1124,25,24,0.8108209371566772,-1,-1,-1
816,-1,540,1130,25,22,0.8243030309677124,-1,-1,-1
817,-1,545,1139,27,22,0.9756401777267456,-1,-1,-1
818,-1,540,1122,27,21,0.9893989562988281,-1,-1,-1
819,-1,533,1127,29,19,0.9984326958656311,-1,-1,-1
820,-1,532,1126,29,19,0.998450517654419,-1,-1,-1
821,-1,533,1126,29,20,0.9994249939918518,-1,-1,-1
822,-1,536,1118,30,19,0.9941126704216003,-1,-1,-1
823,-1,536,1115,29,20,0.8724918365478516,-1,-1,-1
824,-1,526,1104,29,25,0.927678108215332,-1,-1,-1
825,-1,527,1101,29,26,0.9681982398033142,-1,-1,-1
826,-1,527,1101,29,26,0.9691322445869446,-1,-1,-1
827,-1,531,1100,28,26,0.98049396276474,-1,-1,-1
828,-1,528,1100,29,25,0.9855898022651672,-1,-1,-1
829,-1,533,1099,29,24,0.9638936519622803,-1,-1,-1
830,-1,537,1099,28,25,0.9598755836486816,-1,-1,-1
831,-1,544,1095,27,28,0.9633647799491882,-1,-1,-1
832,-1,544,1095,27,28,0.9631545543670654,-1,-1,-1
833,-1,549,1094,25,27,0.9251008629798889,-1,-1,-1
834,-1,552,1094,24,28,0.8990532755851746,-1,-1,-1
835,-1,545,1094,25,26,0.924099326133728,-1,-1,-1
836,-1,550,1090,26,27,0.8200393915176392,-1,-1,-1
837,-1,549,1091,26,27,0.45352211594581604,-1,-1,-1
838,-1,548,1091,26,27,0.45023778080940247,-1,-1,-1
842,-1,541,1090,26,25,0.33458396792411804,-1,-1,-1
879,-1,544,1122,22,22,0.33494889736175537,-1,-1,-1
880,-1,544,1122,22,22,0.33947014808654785,-1,-1,-1
881,-1,546,1122,22,23,0.30234432220458984,-1,-1,-1
882,-1,547,1126,23,22,0.5513760447502136,-1,-1,-1
883,-1,546,1124,24,21,0.46334993839263916,-1,-1,-1
884,-1,543,1125,26,21,0.5781318545341492,-1,-1,-1
885,-1,542,1123,26,23,0.409675657749176,-1,-1,-1
886,-1,542,1123,26,23,0.4264823794364929,-1,-1,-1
887,-1,542,1120,26,23,0.3391076922416687,-1,-1,-1
