6,-1,3133.5,1350.0,59,54,0.44790491461753845,-1,-1,-1
8,-1,3161.0,1339.5,48,37,0.6596187353134155,-1,-1,-1
9,-1,3169.0,1328.0,48,52,0.8304978609085083,-1,-1,-1
10,-1,3174.5,1321.0,51,50,0.6894367337226868,-1,-1,-1
11,-1,3174.5,1321.0,51,50,0.701553463935852,-1,-1,-1
15,-1,3249.0,1280.5,48,63,0.6382527351379395,-1,-1,-1
16,-1,3264.0,1286.0,52,50,0.9440057277679443,-1,-1,-1
17,-1,3264.0,1286.0,52,50,0.9455494284629822,-1,-1,-1
18,-1,3276.0,1295.5,58,37,0.870261013507843,-1,-1,-1
19,-1,3296.5,1291.0,47,46,0.7838623523712158,-1,-1,-1
20,-1,3313.0,1291.0,50,56,0.7488183975219727,-1,-1,-1
21,-1,3327.0,1302.5,46,43,0.7934309244155884,-1,-1,-1
22,-1,3339.5,1313.0,53,46,0.4093702435493469,-1,-1,-1
23,-1,3339.5,1313.0,53,46,0.4108831584453583,-1,-1,-1
24,-1,3351.5,1322.5,53,43,0.7977184057235718,-1,-1,-1
25,-1,3371.0,1336.0,46,38,0.78798508644104,-1,-1,-1
27,-1,3390.5,1364.5,49,35,0.4014589190483093,-1,-1,-1
28,-1,3408.5,1378.5,39,45,0.4264616072177887,-1,-1,-1
29,-1,3408.5,1378.5,39,45,0.42719271779060364,-1,-1,-1
30,-1,3106.0,1399.0,46,58,0.4386596977710724,-1,-1,-1
31,-1,3425.5,1421.5,53,43,0.4305261969566345,-1,-1,-1
32,-1,3438.5,1440.5,45,41,0.6768548488616943,-1,-1,-1
35,-1,3104.5,1395.0,45,68,0.40237054228782654,-1,-1,-1
52,-1,3094.0,1420.5,32,37,0.4339461922645569,-1,-1,-1
53,-1,3094.0,1419.5,32,37,0.4394646883010864,-1,-1,-1
54,-1,3093.0,1422.0,32,34,0.5215108394622803,-1,-1,-1
55,-1,3091.5,1422.5,35,33,0.42141103744506836,-1,-1,-1
56,-1,3536.0,1277.5,34,55,0.4670436978340149,-1,-1,-1
57,-1,3531.0,1280.0,38,48,0.5842465758323669,-1,-1,-1
58,-1,3526.0,1271.5,42,49,0.4726116359233856,-1,-1,-1
59,-1,3526.5,1271.5,41,49,0.46548721194267273,-1,-1,-1
67,-1,3513.5,1215.0,31,42,0.5915722250938416,-1,-1,-1
70,-1,3511.5,1206.0,37,40,0.41015949845314026,-1,-1,-1
72,-1,3512.5,1206.0,35,38,0.616727352142334,-1,-1,-1
73,-1,3513.5,1204.5,33,37,0.626962423324585,-1,-1,-1
74,-1,3513.5,1202.5,33,39,0.5434942841529846,-1,-1,-1
75,-1,3513.0,1202.0,34,40,0.5264288783073425,-1,-1,-1
76,-1,3512.5,1201.5,35,41,0.49999740719795227,-1,-1,-1
77,-1,3512.5,1202.0,35,40,0.49692243337631226,-1,-1,-1
78,-1,3506.5,1199.0,41,50,0.6392935514450073,-1,-1,-1
79,-1,3502.5,1198.0,43,50,0.5155509114265442,-1,-1,-1
80,-1,3499.0,1192.5,42,55,0.6471927762031555,-1,-1,-1
81,-1,3475.5,1185.5,63,49,0.45594990253448486,-1,-1,-1
82,-1,3466.0,1169.0,50,52,0.6414391994476318,-1,-1,-1
83,-1,3466.0,1169.5,50,51,0.6286657452583313,-1,-1,-1
84,-1,3442.0,1153.0,58,48,0.7379453778266907,-1,-1,-1
88,-1,3348.5,1097.5,57,53,0.5418132543563843,-1,-1,-1
89,-1,3348.0,1097.5,58,53,0.5475093722343445,-1,-1,-1
91,-1,3301.5,1089.5,31,37,0.5024767518043518,-1,-1,-1
93,-1,3240.5,1077.0,31,44,0.47072333097457886,-1,-1,-1
96,-1,3173.0,1076.0,54,56,0.8011800646781921,-1,-1,-1
97,-1,3148.0,1076.0,46,56,0.6431165337562561,-1,-1,-1
98,-1,3114.0,1088.5,54,43,0.8800798654556274,-1,-1,-1
99,-1,3079.5,1088.5,59,53,0.6768056750297546,-1,-1,-1
100,-1,3053.0,1106.0,52,38,0.7959960103034973,-1,-1,-1
101,-1,3053.0,1106.0,52,38,0.7951231598854065,-1,-1,-1
102,-1,3025.0,1115.0,44,44,0.6232091784477234,-1,-1,-1
103,-1,2994.0,1126.0,46,50,0.6275845766067505,-1,-1,-1
104,-1,2968.0,1146.5,34,43,0.621039867401123,-1,-1,-1
105,-1,2931.5,1162.0,47,46,0.7500706315040588,-1,-1,-1
106,-1,2894.5,1189.5,53,35,0.8842481374740601,-1,-1,-1
107,-1,2894.5,1189.5,53,35,0.8862220644950867,-1,-1,-1
108,-1,2866.0,1203.5,48,51,0.7884687781333923,-1,-1,-1
109,-1,2834.5,1234.5,53,49,0.6906498074531555,-1,-1,-1
115,-1,2663.5,1390.5,39,41,0.44783326983451843,-1,-1,-1
116,-1,2626.5,1425.0,47,46,0.41655808687210083,-1,-1,-1
118,-1,2550.0,1506.0,54,36,0.7416612505912781,-1,-1,-1
119,-1,2550.0,1506.0,54,36,0.7419872283935547,-1,-1,-1
120,-1,2516.0,1548.5,52,37,0.8839296698570251,-1,-1,-1
122,-1,2477.0,1538.5,44,43,0.9222591519355774,-1,-1,-1
123,-1,2457.0,1512.5,56,43,0.8196576833724976,-1,-1,-1
124,-1,2448.0,1486.0,42,44,0.9379836320877075,-1,-1,-1
125,-1,2448.0,1486.0,42,44,0.9381440877914429,-1,-1,-1
127,-1,2415.5,1440.5,45,49,0.5795297622680664,-1,-1,-1
128,-1,2393.0,1428.5,62,35,0.8504936099052429,-1,-1,-1
129,-1,2378.0,1410.5,60,41,0.7302455902099609,-1,-1,-1
130,-1,2361.5,1393.5,59,43,0.8805087804794312,-1,-1,-1
131,-1,2361.5,1393.5,59,43,0.8784724473953247,-1,-1,-1
132,-1,2348.5,1379.5,51,47,0.6612462997436523,-1,-1,-1
133,-1,2327.5,1370.5,63,41,0.939922571182251,-1,-1,-1
135,-1,2301.0,1355.5,50,45,0.9069725275039673,-1,-1,-1
136,-1,2283.0,1355.5,56,41,0.6163514852523804,-1,-1,-1
137,-1,2283.0,1354.5,56,41,0.618033766746521,-1,-1,-1
138,-1,2260.0,1349.5,58,45,0.8694765567779541,-1,-1,-1
139,-1,2239.0,1343.5,66,55,0.8981515765190125,-1,-1,-1
140,-1,2238.0,1342.0,56,58,0.8184939026832581,-1,-1,-1
141,-1,2239.0,1345.5,52,53,0.76640385389328,-1,-1,-1
142,-1,2238.5,1352.0,49,48,0.8000215888023376,-1,-1,-1
143,-1,2238.5,1352.0,49,48,0.8001834154129028,-1,-1,-1
144,-1,2234.0,1354.5,56,67,0.4519130289554596,-1,-1,-1
145,-1,2240.5,1365.5,53,55,0.6369501352310181,-1,-1,-1
148,-1,2260.0,1397.5,52,61,0.9012141823768616,-1,-1,-1
149,-1,2260.0,1397.5,52,61,0.9045579433441162,-1,-1,-1
150,-1,2266.5,1414.0,47,56,0.7702984809875488,-1,-1,-1
151,-1,2269.5,1433.0,49,50,0.6294350028038025,-1,-1,-1
152,-1,2272.0,1446.0,50,54,0.57267826795578,-1,-1,-1
153,-1,2270.0,1463.0,62,52,0.869512140750885,-1,-1,-1
154,-1,2274.0,1482.5,56,53,0.8995118141174316,-1,-1,-1
155,-1,2273.5,1482.5,57,53,0.9001948833465576,-1,-1,-1
156,-1,2275.5,1507.0,57,52,0.7008366584777832,-1,-1,-1
157,-1,2279.5,1534.0,51,52,0.7414098381996155,-1,-1,-1
158,-1,2289.0,1563.0,48,58,0.5157893896102905,-1,-1,-1
166,-1,2297.0,1591.5,42,45,0.5456162691116333,-1,-1,-1
167,-1,2297.0,1591.5,42,45,0.5464012622833252,-1,-1,-1
168,-1,2292.5,1576.0,51,42,0.8307178616523743,-1,-1,-1
169,-1,2289.5,1555.0,53,54,0.7261296510696411,-1,-1,-1
170,-1,2294.5,1551.0,53,50,0.7335172295570374,-1,-1,-1
171,-1,2289.0,1550.5,66,49,0.7851917743682861,-1,-1,-1
172,-1,2290.0,1548.5,74,51,0.7994609475135803,-1,-1,-1
173,-1,2289.5,1548.5,75,51,0.8031354546546936,-1,-1,-1
174,-1,2313.5,1561.0,57,34,0.5556792616844177,-1,-1,-1
175,-1,2317.5,1556.0,53,44,0.7308301329612732,-1,-1,-1
176,-1,2319.0,1547.0,54,56,0.6874607801437378,-1,-1,-1
177,-1,2324.0,1543.0,54,60,0.5936965346336365,-1,-1,-1
178,-1,2335.0,1533.5,44,67,0.42863956093788147,-1,-1,-1
179,-1,2335.0,1533.5,44,67,0.44899383187294006,-1,-1,-1
180,-1,2334.0,1537.5,56,53,0.7849648594856262,-1,-1,-1
181,-1,2331.5,1535.5,67,49,0.8606612682342529,-1,-1,-1
182,-1,2345.5,1538.0,51,46,0.7461792826652527,-1,-1,-1
183,-1,2346.0,1538.5,52,43,0.7325615882873535,-1,-1,-1
186,-1,2334.5,1528.0,59,40,0.4647807776927948,-1,-1,-1
187,-1,2340.0,1526.0,64,60,0.5290998816490173,-1,-1,-1
188,-1,2339.5,1532.5,65,49,0.6508116722106934,-1,-1,-1
192,-1,2338.0,1530.5,52,37,0.4800190031528473,-1,-1,-1
193,-1,2336.0,1533.0,50,34,0.6641263961791992,-1,-1,-1
194,-1,2334.5,1530.5,45,37,0.45110803842544556,-1,-1,-1
201,-1,2326.0,1540.5,48,39,0.8354118466377258,-1,-1,-1
202,-1,2324.5,1539.5,55,49,0.7322818636894226,-1,-1,-1
203,-1,2324.5,1539.5,55,49,0.7301722764968872,-1,-1,-1
204,-1,2320.0,1543.0,62,58,0.40782278776168823,-1,-1,-1
205,-1,2324.0,1555.0,62,48,0.8221176266670227,-1,-1,-1
206,-1,2322.0,1559.0,66,46,0.8981913924217224,-1,-1,-1
207,-1,2323.0,1559.5,64,59,0.8435059189796448,-1,-1,-1
208,-1,2323.0,1570.5,60,49,0.9625344276428223,-1,-1,-1
209,-1,2322.0,1569.5,60,49,0.9636407494544983,-1,-1,-1
210,-1,2323.5,1577.5,55,45,0.9351228475570679,-1,-1,-1
211,-1,2313.0,1583.0,64,46,0.8307992219924927,-1,-1,-1
212,-1,2307.0,1587.5,72,41,0.9214661121368408,-1,-1,-1
213,-1,2303.5,1589.5,75,41,0.8137438297271729,-1,-1,-1
214,-1,2296.0,1584.0,82,52,0.8849260807037354,-1,-1,-1
215,-1,2296.0,1584.0,82,52,0.8817193508148193,-1,-1,-1
216,-1,2292.0,1587.5,86,49,0.9095709919929504,-1,-1,-1
217,-1,2293.0,1590.0,76,50,0.9501246809959412,-1,-1,-1
218,-1,2294.0,1591.0,68,50,0.9504579305648804,-1,-1,-1
219,-1,2293.5,1591.5,61,51,0.9450701475143433,-1,-1,-1
220,-1,2291.0,1591.5,56,51,0.9421383142471313,-1,-1,-1
221,-1,2291.0,1591.5,56,51,0.942213773727417,-1,-1,-1
222,-1,2282.0,1596.0,62,52,0.7718860507011414,-1,-1,-1
223,-1,2280.5,1597.0,63,50,0.8082497715950012,-1,-1,-1
224,-1,2264.0,1587.0,88,68,0.7360966801643372,-1,-1,-1
225,-1,2264.5,1589.0,81,66,0.9290987849235535,-1,-1,-1
226,-1,2265.0,1599.0,70,54,0.9313910007476807,-1,-1,-1
227,-1,2265.0,1599.0,70,54,0.9310551285743713,-1,-1,-1
228,-1,2268.0,1603.0,58,54,0.9518256187438965,-1,-1,-1
229,-1,2262.5,1606.5,59,55,0.9129124879837036,-1,-1,-1
230,-1,2253.5,1612.0,67,58,0.8284431099891663,-1,-1,-1
231,-1,2250.5,1615.5,67,61,0.5914586186408997,-1,-1,-1
232,-1,2234.5,1613.5,77,63,0.4529426395893097,-1,-1,-1
233,-1,2233.5,1613.5,77,63,0.44959285855293274,-1,-1,-1
234,-1,2230.5,1616.5,71,63,0.8544051647186279,-1,-1,-1
235,-1,2233.5,1619.0,59,62,0.8575372099876404,-1,-1,-1
236,-1,2232.0,1619.0,54,64,0.7203791737556458,-1,-1,-1
238,-1,2209.0,1625.0,74,64,0.5512063503265381,-1,-1,-1
239,-1,2209.0,1625.0,74,64,0.5525439977645874,-1,-1,-1
240,-1,2208.5,1621.5,69,71,0.8044155836105347,-1,-1,-1
241,-1,2211.5,1627.0,55,64,0.679980993270874,-1,-1,-1
243,-1,2211.5,1634.5,45,57,0.5275301933288574,-1,-1,-1
244,-1,2200.0,1635.0,56,54,0.879163384437561,-1,-1,-1
245,-1,2200.0,1635.0,56,54,0.8792017102241516,-1,-1,-1
246,-1,2197.0,1637.5,54,49,0.5799106359481812,-1,-1,-1
247,-1,2179.5,1624.0,63,72,0.9289941191673279,-1,-1,-1
248,-1,2182.0,1628.5,52,61,0.9329074025154114,-1,-1,-1
249,-1,2182.5,1631.5,43,59,0.8780103921890259,-1,-1,-1
250,-1,2171.0,1629.5,50,65,0.9499785900115967,-1,-1,-1
251,-1,2171.5,1629.5,49,65,0.9490712881088257,-1,-1,-1
252,-1,2163.0,1635.5,58,53,0.7677260041236877,-1,-1,-1
253,-1,2142.5,1632.0,77,62,0.8572538495063782,-1,-1,-1
254,-1,2143.0,1633.5,70,59,0.9391041398048401,-1,-1,-1
255,-1,2147.5,1635.0,55,56,0.8814313411712646,-1,-1,-1
256,-1,2136.5,1632.0,61,62,0.9430808424949646,-1,-1,-1
257,-1,2137.0,1632.0,60,62,0.9375737309455872,-1,-1,-1
258,-1,2128.5,1634.0,69,60,0.8879706263542175,-1,-1,-1
259,-1,2115.5,1634.5,73,53,0.6693174839019775,-1,-1,-1
260,-1,2115.0,1631.5,66,59,0.8826132416725159,-1,-1,-1
261,-1,2121.0,1627.0,52,66,0.9140949249267578,-1,-1,-1
262,-1,2117.5,1628.5,53,65,0.8866312503814697,-1,-1,-1
263,-1,2117.5,1628.5,53,65,0.8858403563499451,-1,-1,-1
264,-1,2118.5,1624.0,47,74,0.746156632900238,-1,-1,-1
265,-1,2120.0,1626.0,38,72,0.5995911955833435,-1,-1,-1
266,-1,2116.0,1629.5,40,67,0.4868204593658447,-1,-1,-1
268,-1,2084.0,1633.5,72,59,0.8631912469863892,-1,-1,-1
269,-1,2083.5,1633.5,73,59,0.862027645111084,-1,-1,-1
270,-1,2084.0,1637.5,62,57,0.8796976804733276,-1,-1,-1
271,-1,2085.5,1639.5,53,55,0.7663517594337463,-1,-1,-1
272,-1,2072.0,1641.5,66,55,0.6107524633407593,-1,-1,-1
273,-1,2073.5,1650.0,61,48,0.4819464087486267,-1,-1,-1
274,-1,2054.5,1642.5,81,61,0.5370969772338867,-1,-1,-1
275,-1,2054.5,1642.5,81,61,0.5302535891532898,-1,-1,-1
276,-1,2052.5,1641.0,79,64,0.8450479507446289,-1,-1,-1
277,-1,2056.0,1641.5,64,63,0.8988887071609497,-1,-1,-1
278,-1,2056.5,1641.5,57,65,0.8031632304191589,-1,-1,-1
279,-1,2053.0,1641.5,54,67,0.7593318223953247,-1,-1,-1
280,-1,2049.0,1640.0,54,72,0.5726273059844971,-1,-1,-1
281,-1,2048.5,1640.0,55,72,0.5783056020736694,-1,-1,-1
283,-1,2024.0,1644.0,80,48,0.5052270889282227,-1,-1,-1
284,-1,2024.5,1640.5,73,53,0.7627835869789124,-1,-1,-1
285,-1,2024.5,1638.0,69,54,0.7725529074668884,-1,-1,-1
286,-1,2030.0,1637.5,58,53,0.779492199420929,-1,-1,-1
287,-1,2029.5,1638.0,59,52,0.7842936515808105,-1,-1,-1
288,-1,2029.0,1637.0,56,54,0.8843955993652344,-1,-1,-1
289,-1,2027.5,1636.0,55,54,0.8994532227516174,-1,-1,-1
290,-1,2030.5,1636.0,49,52,0.8719961047172546,-1,-1,-1
291,-1,2031.5,1633.5,45,55,0.7888281345367432,-1,-1,-1
292,-1,2028.5,1632.0,49,54,0.8258718848228455,-1,-1,-1
293,-1,2028.5,1632.0,49,54,0.8256769776344299,-1,-1,-1
294,-1,2022.5,1629.5,55,57,0.6802778244018555,-1,-1,-1
295,-1,2019.5,1630.5,55,55,0.6341449022293091,-1,-1,-1
296,-1,2015.5,1633.0,59,50,0.4328703284263611,-1,-1,-1
298,-1,2012.0,1620.5,60,59,0.4858856797218323,-1,-1,-1
299,-1,2012.0,1621.0,60,58,0.4854372441768646,-1,-1,-1
300,-1,2007.0,1618.0,58,56,0.5904417037963867,-1,-1,-1
301,-1,2005.0,1617.0,58,56,0.823630690574646,-1,-1,-1
302,-1,2002.0,1611.5,56,63,0.8919289112091064,-1,-1,-1
303,-1,1998.0,1610.5,60,63,0.8625437021255493,-1,-1,-1
304,-1,1997.0,1607.5,58,67,0.8513479232788086,-1,-1,-1
305,-1,1997.0,1607.5,58,67,0.8494874835014343,-1,-1,-1
306,-1,1996.0,1606.5,58,67,0.7940776348114014,-1,-1,-1
307,-1,1997.0,1605.0,56,68,0.641718327999115,-1,-1,-1
308,-1,1996.5,1605.5,55,59,0.6129552125930786,-1,-1,-1
309,-1,1994.5,1603.5,59,61,0.7718410491943359,-1,-1,-1
310,-1,1993.5,1604.0,61,60,0.8538363575935364,-1,-1,-1
311,-1,1993.5,1604.0,61,60,0.8557626605033875,-1,-1,-1
312,-1,1993.5,1603.5,61,59,0.8823957443237305,-1,-1,-1
313,-1,1995.0,1603.0,60,60,0.908410906791687,-1,-1,-1
314,-1,1995.5,1602.5,59,61,0.9000033140182495,-1,-1,-1
315,-1,1996.5,1602.5,59,61,0.8971271514892578,-1,-1,-1
316,-1,1996.0,1602.5,60,61,0.8954207301139832,-1,-1,-1
317,-1,1995.5,1602.5,63,61,0.9239795804023743,-1,-1,-1
318,-1,1998.5,1605.0,61,58,0.8980456590652466,-1,-1,-1
319,-1,2003.0,1602.0,60,62,0.8109113574028015,-1,-1,-1
320,-1,2003.5,1607.5,63,51,0.7476040720939636,-1,-1,-1
323,-1,2015.0,1611.0,62,48,0.5682510733604431,-1,-1,-1
324,-1,2028.0,1611.0,52,46,0.7726618051528931,-1,-1,-1
325,-1,2028.5,1603.5,63,55,0.882615864276886,-1,-1,-1
326,-1,2027.5,1601.5,79,53,0.6719406247138977,-1,-1,-1
327,-1,2052.5,1599.0,51,60,0.6343491077423096,-1,-1,-1
328,-1,2052.5,1599.0,51,60,0.6324027180671692,-1,-1,-1
329,-1,2062.0,1589.0,52,72,0.6622844934463501,-1,-1,-1
331,-1,2089.5,1586.0,45,52,0.5387449264526367,-1,-1,-1
333,-1,2087.5,1567.5,57,51,0.6489670276641846,-1,-1,-1
334,-1,2087.5,1567.5,57,51,0.6478182077407837,-1,-1,-1
335,-1,2082.5,1552.5,57,51,0.7746880650520325,-1,-1,-1
337,-1,2057.0,1544.5,76,43,0.46626898646354675,-1,-1,-1
338,-1,2072.0,1546.5,62,51,0.5693376064300537,-1,-1,-1
339,-1,2108.0,1554.0,50,52,0.68398517370224,-1,-1,-1
340,-1,2107.5,1554.0,51,52,0.6848182678222656,-1,-1,-1
341,-1,2135.5,1569.5,61,53,0.92941814661026,-1,-1,-1
342,-1,2173.0,1590.0,56,48,0.9154475927352905,-1,-1,-1
343,-1,2209.5,1606.5,53,55,0.6809790730476379,-1,-1,-1
344,-1,2238.5,1630.0,55,56,0.6135481595993042,-1,-1,-1
345,-1,2281.0,1657.5,52,45,0.8318265676498413,-1,-1,-1
346,-1,2281.0,1657.5,52,45,0.8314180374145508,-1,-1,-1
347,-1,2314.0,1685.5,56,49,0.8238069415092468,-1,-1,-1
348,-1,2346.5,1709.5,61,53,0.6108345985412598,-1,-1,-1
349,-1,2382.0,1747.0,58,44,0.8534482717514038,-1,-1,-1
350,-1,2417.5,1776.0,53,50,0.7967879772186279,-1,-1,-1
353,-1,2462.5,1761.5,61,47,0.7826277613639832,-1,-1,-1
354,-1,2484.5,1738.0,65,46,0.8489338159561157,-1,-1,-1
355,-1,2510.5,1710.5,57,63,0.8857827186584473,-1,-1,-1
356,-1,2542.0,1699.0,42,54,0.8175204396247864,-1,-1,-1
357,-1,2561.0,1688.0,50,48,0.7513821125030518,-1,-1,-1
358,-1,2561.0,1688.0,50,48,0.7534440159797668,-1,-1,-1
359,-1,2584.5,1673.5,53,53,0.6739264726638794,-1,-1,-1
360,-1,2603.0,1659.0,50,54,0.6125516891479492,-1,-1,-1
361,-1,2626.0,1657.0,62,52,0.8197799324989319,-1,-1,-1
362,-1,2639.5,1633.0,69,80,0.6578453183174133,-1,-1,-1
363,-1,2654.0,1622.0,62,76,0.9457384347915649,-1,-1,-1
364,-1,2654.0,1622.0,62,76,0.9465436935424805,-1,-1,-1
365,-1,2660.5,1615.5,73,65,0.7796703577041626,-1,-1,-1
366,-1,2666.5,1603.5,85,73,0.7892221808433533,-1,-1,-1
399,-1,3683.5,1162.0,31,32,0.7006682753562927,-1,-1,-1
400,-1,3683.5,1162.0,31,32,0.705650806427002,-1,-1,-1
401,-1,3683.5,1161.5,31,33,0.7843831777572632,-1,-1,-1
402,-1,3682.0,1160.5,32,33,0.7369290590286255,-1,-1,-1
403,-1,3680.5,1160.0,33,34,0.7874422073364258,-1,-1,-1
404,-1,3680.5,1160.0,33,34,0.7401703000068665,-1,-1,-1
405,-1,3680.0,1160.0,32,34,0.7797279357910156,-1,-1,-1
406,-1,3680.0,1160.0,32,34,0.7711424231529236,-1,-1,-1
407,-1,3679.5,1159.0,33,34,0.7682461142539978,-1,-1,-1
408,-1,3680.5,1160.0,33,32,0.7408990859985352,-1,-1,-1
409,-1,3680.5,1160.0,33,32,0.762047290802002,-1,-1,-1
410,-1,3680.5,1160.5,33,31,0.7088719010353088,-1,-1,-1
411,-1,3680.0,1160.5,34,31,0.5868773460388184,-1,-1,-1
412,-1,3680.0,1160.5,34,31,0.6078029870986938,-1,-1,-1
413,-1,3680.0,1160.0,34,30,0.5450587272644043,-1,-1,-1
414,-1,3681.0,1160.0,34,30,0.4214690029621124,-1,-1,-1
415,-1,3681.0,1159.5,34,31,0.4927130937576294,-1,-1,-1
416,-1,3680.0,1157.5,34,33,0.6475192308425903,-1,-1,-1
417,-1,3680.0,1155.5,34,35,0.7135530114173889,-1,-1,-1
418,-1,3680.0,1155.5,34,35,0.7185348272323608,-1,-1,-1
419,-1,3681.0,1155.5,34,35,0.7424863576889038,-1,-1,-1
420,-1,3680.0,1154.5,34,35,0.7383883595466614,-1,-1,-1
421,-1,3680.0,1154.5,34,35,0.7340843081474304,-1,-1,-1
422,-1,3680.0,1154.5,34,35,0.7018980383872986,-1,-1,-1
423,-1,3680.5,1157.5,33,33,0.4163854718208313,-1,-1,-1
435,-1,2602.5,1188.0,37,36,0.576097309589386,-1,-1,-1
436,-1,2602.5,1188.0,37,36,0.5743229985237122,-1,-1,-1
483,-1,2419.0,1311.5,44,37,0.5717789530754089,-1,-1,-1
484,-1,2419.0,1311.5,44,37,0.5751597881317139,-1,-1,-1
486,-1,2366.5,1275.0,53,42,0.7620149850845337,-1,-1,-1
487,-1,2347.5,1262.0,51,50,0.612743616104126,-1,-1,-1
488,-1,2326.0,1253.5,50,43,0.8306105732917786,-1,-1,-1
489,-1,2305.5,1236.0,41,56,0.4232986271381378,-1,-1,-1
490,-1,2304.5,1236.0,41,56,0.40970489382743835,-1,-1,-1
492,-1,2268.0,1239.5,52,43,0.5578331351280212,-1,-1,-1
493,-1,2266.0,1244.0,48,60,0.715301513671875,-1,-1,-1
494,-1,2261.0,1256.5,50,55,0.5253667831420898,-1,-1,-1
495,-1,2258.5,1268.5,47,41,0.8465644121170044,-1,-1,-1
496,-1,2258.5,1268.5,47,41,0.8462409973144531,-1,-1,-1
497,-1,2259.0,1272.0,44,38,0.5862524509429932,-1,-1,-1
498,-1,2252.5,1266.5,49,41,0.709078848361969,-1,-1,-1
499,-1,2254.5,1264.0,43,40,0.6130310893058777,-1,-1,-1
500,-1,2256.0,1261.0,42,40,0.43646514415740967,-1,-1,-1
501,-1,2255.0,1261.0,42,38,0.528846263885498,-1,-1,-1
502,-1,2255.0,1261.0,42,38,0.5302598476409912,-1,-1,-1
503,-1,2263.0,1259.0,36,40,0.5607010722160339,-1,-1,-1
505,-1,2264.5,1271.5,39,33,0.8032190203666687,-1,-1,-1
509,-1,2270.5,1291.5,37,35,0.6174238920211792,-1,-1,-1
518,-1,2282.5,1267.5,41,53,0.6343808174133301,-1,-1,-1
519,-1,2284.0,1271.0,44,42,0.8198896646499634,-1,-1,-1
520,-1,2284.0,1271.0,44,42,0.8084748387336731,-1,-1,-1
521,-1,2288.0,1269.0,52,46,0.5673133730888367,-1,-1,-1
522,-1,2300.0,1269.0,40,52,0.7835020422935486,-1,-1,-1
523,-1,3680.0,1156.5,34,33,0.5753723382949829,-1,-1,-1
524,-1,3680.0,1156.5,34,33,0.591511070728302,-1,-1,-1
525,-1,3680.0,1156.5,34,33,0.6195252537727356,-1,-1,-1
526,-1,3680.0,1156.5,34,33,0.6173800230026245,-1,-1,-1
527,-1,2326.0,1291.5,40,37,0.5915932655334473,-1,-1,-1
528,-1,2329.5,1284.0,43,46,0.6436157822608948,-1,-1,-1
529,-1,2338.0,1287.5,42,37,0.7330307364463806,-1,-1,-1
530,-1,2351.5,1284.5,45,57,0.4526236057281494,-1,-1,-1
539,-1,2389.5,1345.5,47,55,0.4679986834526062,-1,-1,-1
541,-1,2397.5,1318.0,39,62,0.5289760828018188,-1,-1,-1
542,-1,2403.0,1326.5,60,43,0.6925607323646545,-1,-1,-1
543,-1,2427.5,1321.5,43,51,0.877069354057312,-1,-1,-1
544,-1,2427.5,1321.5,43,51,0.8775911331176758,-1,-1,-1
546,-1,2465.5,1329.0,53,54,0.7067302465438843,-1,-1,-1
549,-1,2554.5,1384.5,57,53,0.5269149541854858,-1,-1,-1
550,-1,2555.5,1384.5,57,53,0.5228756070137024,-1,-1,-1
551,-1,2565.0,1410.0,56,60,0.6143143773078918,-1,-1,-1
552,-1,2591.5,1455.0,47,48,0.6121381521224976,-1,-1,-1
553,-1,2604.5,1445.5,47,63,0.44462093710899353,-1,-1,-1
555,-1,2618.0,1403.0,58,50,0.5813809633255005,-1,-1,-1
556,-1,2618.0,1402.5,58,51,0.5759868621826172,-1,-1,-1
557,-1,2632.5,1389.0,41,46,0.8739356994628906,-1,-1,-1
558,-1,2651.0,1374.0,48,48,0.5111401677131653,-1,-1,-1
559,-1,2682.5,1370.5,37,37,0.5923156142234802,-1,-1,-1
560,-1,2708.0,1362.5,36,35,0.7174106240272522,-1,-1,-1
561,-1,2730.0,1365.5,42,45,0.6673354506492615,-1,-1,-1
562,-1,2730.0,1365.5,42,45,0.6508420705795288,-1,-1,-1
563,-1,2740.5,1360.0,59,58,0.6103373169898987,-1,-1,-1
564,-1,2769.5,1359.0,53,58,0.6055489778518677,-1,-1,-1
565,-1,2782.5,1352.0,61,58,0.6934432983398438,-1,-1,-1
566,-1,2820.0,1367.0,36,38,0.4439728558063507,-1,-1,-1
567,-1,2841.5,1361.0,43,56,0.5849396586418152,-1,-1,-1
568,-1,2841.5,1361.0,43,56,0.5843802690505981,-1,-1,-1
569,-1,2855.5,1371.5,65,37,0.6550459861755371,-1,-1,-1
577,-1,2932.0,1411.0,38,26,0.7648841738700867,-1,-1,-1
578,-1,3036.0,1364.5,28,31,0.9144068360328674,-1,-1,-1
579,-1,3060.0,1358.5,36,41,0.855086088180542,-1,-1,-1
580,-1,3060.0,1358.5,36,41,0.8569697141647339,-1,-1,-1
582,-1,3109.0,1315.5,52,55,0.6064252257347107,-1,-1,-1
583,-1,3135.5,1303.0,41,42,0.786954939365387,-1,-1,-1
584,-1,3145.0,1290.0,48,48,0.6576434969902039,-1,-1,-1
585,-1,3169.0,1293.0,46,40,0.765816867351532,-1,-1,-1
586,-1,3169.0,1293.0,46,40,0.7668671011924744,-1,-1,-1
587,-1,3185.5,1299.5,53,41,0.48191335797309875,-1,-1,-1
588,-1,3199.5,1303.5,59,43,0.8922303915023804,-1,-1,-1
589,-1,3223.0,1316.0,48,42,0.8228944540023804,-1,-1,-1
591,-1,3259.5,1345.0,53,50,0.8510184288024902,-1,-1,-1
592,-1,3259.5,1345.0,53,50,0.8492034673690796,-1,-1,-1
595,-1,2609.5,1370.5,33,53,0.5419461131095886,-1,-1,-1
597,-1,3232.0,1360.5,48,53,0.6484466791152954,-1,-1,-1
598,-1,3231.5,1360.5,49,53,0.6527304649353027,-1,-1,-1
599,-1,3226.0,1372.0,48,46,0.7433209419250488,-1,-1,-1
603,-1,2766.5,1392.0,29,26,0.8695963621139526,-1,-1,-1
604,-1,2766.5,1392.0,29,26,0.870667576789856,-1,-1,-1
605,-1,3203.0,1413.5,50,59,0.6617698073387146,-1,-1,-1
606,-1,3198.0,1421.5,60,65,0.48972615599632263,-1,-1,-1
608,-1,3162.0,1441.5,68,61,0.7438240051269531,-1,-1,-1
613,-1,3083.0,1493.5,48,45,0.5278717279434204,-1,-1,-1
626,-1,3681.0,1153.5,36,35,0.6069644093513489,-1,-1,-1
627,-1,3680.0,1154.5,36,35,0.49309203028678894,-1,-1,-1
628,-1,3680.0,1153.0,36,36,0.5169669389724731,-1,-1,-1
635,-1,2816.5,1383.5,33,41,0.6149364709854126,-1,-1,-1
637,-1,2755.0,1402.0,56,40,0.6668636798858643,-1,-1,-1
638,-1,2747.0,1366.0,56,52,0.850097119808197,-1,-1,-1
639,-1,2737.0,1339.0,56,46,0.6939274072647095,-1,-1,-1
640,-1,2737.0,1339.0,56,46,0.6976280212402344,-1,-1,-1
641,-1,2723.0,1321.0,42,38,0.8522418737411499,-1,-1,-1
642,-1,2692.5,1318.5,37,33,0.6428560018539429,-1,-1,-1
644,-1,2935.5,1112.0,33,26,0.5129214525222778,-1,-1,-1
645,-1,2577.0,1308.0,40,36,0.721234142780304,-1,-1,-1
646,-1,2577.5,1308.0,39,36,0.71880042552948,-1,-1,-1
647,-1,2540.5,1307.5,43,39,0.8976646661758423,-1,-1,-1
648,-1,2503.5,1310.0,45,36,0.4599953293800354,-1,-1,-1
649,-1,2472.5,1316.0,43,38,0.5270162224769592,-1,-1,-1
656,-1,2352.0,1271.5,44,35,0.8260432481765747,-1,-1,-1
657,-1,2332.5,1260.0,45,38,0.7536174654960632,-1,-1,-1
658,-1,2332.5,1260.0,45,38,0.7518965005874634,-1,-1,-1
659,-1,2325.5,1251.5,39,39,0.9626867771148682,-1,-1,-1
660,-1,2306.5,1244.0,47,40,0.45538192987442017,-1,-1,-1
661,-1,2296.0,1242.5,44,39,0.8336154222488403,-1,-1,-1
662,-1,2281.5,1242.5,45,33,0.9187756776809692,-1,-1,-1
665,-1,2246.0,1255.0,52,32,0.6437105536460876,-1,-1,-1
667,-1,2221.0,1242.0,50,42,0.9132810235023499,-1,-1,-1
668,-1,2216.0,1220.5,36,35,0.9810447096824646,-1,-1,-1
669,-1,2207.5,1203.0,35,32,0.9834239482879639,-1,-1,-1
670,-1,2207.5,1203.0,35,32,0.9835606217384338,-1,-1,-1
671,-1,2192.5,1187.5,49,29,0.8446409106254578,-1,-1,-1
675,-1,3146.0,1315.5,44,55,0.43767261505126953,-1,-1,-1
676,-1,3146.0,1315.5,44,55,0.4408869445323944,-1,-1,-1
677,-1,3139.0,1325.5,40,61,0.48514625430107117,-1,-1,-1
690,-1,1760.5,1158.0,39,38,0.8199717998504639,-1,-1,-1
691,-1,1725.0,1182.5,38,37,0.5114798545837402,-1,-1,-1
692,-1,1685.0,1192.0,38,36,0.6510875225067139,-1,-1,-1
693,-1,1663.0,1174.5,44,33,0.904539942741394,-1,-1,-1
694,-1,1663.0,1174.5,44,33,0.8922712802886963,-1,-1,-1
695,-1,1640.0,1158.0,42,34,0.8827717304229736,-1,-1,-1
696,-1,1619.0,1148.5,36,25,0.962622880935669,-1,-1,-1
698,-1,1574.0,1120.5,42,29,0.9836837649345398,-1,-1,-1
699,-1,1545.5,1111.0,51,30,0.9782645106315613,-1,-1,-1
700,-1,1545.5,1112.0,51,30,0.9774873852729797,-1,-1,-1
701,-1,1528.0,1101.0,48,30,0.8735702633857727,-1,-1,-1
703,-1,1484.0,1105.0,48,26,0.7329703569412231,-1,-1,-1
704,-1,1445.0,1123.5,56,21,0.6092528700828552,-1,-1,-1
705,-1,1414.5,1149.5,57,23,0.6684952974319458,-1,-1,-1
706,-1,1414.5,1149.5,57,23,0.6552401185035706,-1,-1,-1
709,-1,1339.0,1190.5,40,25,0.4510822892189026,-1,-1,-1
714,-1,1262.0,1112.5,46,33,0.7026188373565674,-1,-1,-1
716,-1,1221.5,1099.5,49,25,0.629719078540802,-1,-1,-1
720,-1,1150.5,1123.0,45,28,0.9046409726142883,-1,-1,-1
727,-1,1016.5,1160.0,39,26,0.9708976745605469,-1,-1,-1
729,-1,977.5,1141.5,37,31,0.7802260518074036,-1,-1,-1
730,-1,978.0,1142.5,36,31,0.7745078206062317,-1,-1,-1
731,-1,953.0,1141.0,38,32,0.8887014985084534,-1,-1,-1
732,-1,932.0,1140.5,36,25,0.970477283000946,-1,-1,-1
744,-1,762.0,1088.0,24,24,0.8872822523117065,-1,-1,-1
745,-1,746.5,1074.5,19,21,0.6810626983642578,-1,-1,-1
746,-1,720.0,1163.0,30,30,0.410364031791687,-1,-1,-1
747,-1,716.5,1069.5,21,23,0.4301522672176361,-1,-1,-1
748,-1,716.5,1069.5,21,23,0.4134458601474762,-1,-1,-1
751,-1,668.5,1070.5,29,33,0.7517764568328857,-1,-1,-1
755,-1,1987.5,1249.5,27,23,0.5560021996498108,-1,-1,-1
756,-1,629.5,1075.5,37,29,0.9765781760215759,-1,-1,-1
757,-1,629.5,1080.0,31,26,0.9663252830505371,-1,-1,-1
758,-1,573.5,1115.0,25,20,0.6010327935218811,-1,-1,-1
759,-1,622.0,1074.5,32,21,0.9318363666534424,-1,-1,-1
760,-1,622.0,1074.5,32,21,0.9317001104354858,-1,-1,-1
761,-1,620.5,1076.0,29,16,0.8475963473320007,-1,-1,-1
779,-1,689.5,1124.0,27,32,0.450729638338089,-1,-1,-1
788,-1,577.5,1190.0,31,26,0.45441314578056335,-1,-1,-1
789,-1,571.0,1176.0,44,28,0.4336930513381958,-1,-1,-1
790,-1,571.0,1176.0,44,28,0.4422258138656616,-1,-1,-1
804,-1,554.0,1124.0,22,20,0.436884343624115,-1,-1,-1
806,-1,546.5,1132.5,31,27,0.47318363189697266,-1,-1,-1
807,-1,547.0,1138.5,32,29,0.8497351408004761,-1,-1,-1
808,-1,547.0,1138.5,32,29,0.8507322669029236,-1,-1,-1
809,-1,548.0,1148.5,34,29,0.5371273756027222,-1,-1,-1
810,-1,547.0,1158.5,40,31,0.4237150251865387,-1,-1,-1
817,-1,538.0,1151.5,34,29,0.6255766153335571,-1,-1,-1
818,-1,540.0,1141.0,34,28,0.9273293614387512,-1,-1,-1
819,-1,537.0,1133.5,34,23,0.8428009152412415,-1,-1,-1
820,-1,537.0,1133.5,34,23,0.8401769995689392,-1,-1,-1
821,-1,537.5,1125.0,33,22,0.9545356631278992,-1,-1,-1
822,-1,539.5,1110.0,29,36,0.5232670307159424,-1,-1,-1
