1,-1,930,643,69,77,1,-1,-1,-1
2,-1,934,639,69,77,1,-1,-1,-1
3,-1,937,633,70,78,1,-1,-1,-1
4,-1,939,628,71,80,1,-1,-1,-1
5,-1,941,622,73,81,1,-1,-1,-1
6,-1,948,616,74,83,1,-1,-1,-1
7,-1,953,606,76,85,1,-1,-1,-1
8,-1,959,599,74,83,1,-1,-1,-1
9,-1,965,594,74,83,1,-1,-1,-1
10,-1,966,591,74,83,1,-1,-1,-1
11,-1,970,587,74,83,1,-1,-1,-1
57,-1,1004,662,87,67,1,-1,-1,-1
58,-1,1004,666,83,64,1,-1,-1,-1
59,-1,1003,670,80,61,1,-1,-1,-1
60,-1,998,674,80,61,1,-1,-1,-1
61,-1,995,674,80,61,1,-1,-1,-1
62,-1,989,675,81,63,1,-1,-1,-1
63,-1,984,674,83,64,1,-1,-1,-1
64,-1,979,674,81,63,1,-1,-1,-1
65,-1,974,673,77,59,1,-1,-1,-1
66,-1,970,670,74,57,1,-1,-1,-1
67,-1,967,668,71,54,1,-1,-1,-1
68,-1,961,665,69,53,1,-1,-1,-1
69,-1,955,662,71,54,1,-1,-1,-1
70,-1,948,657,71,54,1,-1,-1,-1
71,-1,943,652,72,56,1,-1,-1,-1
72,-1,938,646,72,56,1,-1,-1,-1
73,-1,933,640,75,58,1,-1,-1,-1
74,-1,929,634,75,58,1,-1,-1,-1
75,-1,926,627,75,58,1,-1,-1,-1
76,-1,924,621,74,57,1,-1,-1,-1
77,-1,921,612,74,57,1,-1,-1,-1
78,-1,919,606,75,58,1,-1,-1,-1
79,-1,916,599,77,59,1,-1,-1,-1
80,-1,913,593,78,60,1,-1,-1,-1
81,-1,911,587,81,63,1,-1,-1,-1
102,-1,936,473,56,75,1,-1,-1,-1
103,-1,935,467,56,75,1,-1,-1,-1
104,-1,934,459,56,75,1,-1,-1,-1
105,-1,933,450,56,75,1,-1,-1,-1
106,-1,932,444,53,72,1,-1,-1,-1
107,-1,932,434,54,73,1,-1,-1,-1
108,-1,931,424,56,75,1,-1,-1,-1
109,-1,932,415,54,73,1,-1,-1,-1
110,-1,932,404,56,75,1,-1,-1,-1
111,-1,932,393,56,75,1,-1,-1,-1
112,-1,933,381,57,76,1,-1,-1,-1
113,-1,933,371,57,76,1,-1,-1,-1
114,-1,935,361,56,75,1,-1,-1,-1
115,-1,937,350,54,73,1,-1,-1,-1
116,-1,938,340,54,73,1,-1,-1,-1
117,-1,941,332,51,69,1,-1,-1,-1
118,-1,941,323,50,67,1,-1,-1,-1
119,-1,942,312,50,67,1,-1,-1,-1
120,-1,945,303,50,67,1,-1,-1,-1
121,-1,944,293,51,69,1,-1,-1,-1
122,-1,944,284,52,70,1,-1,-1,-1
123,-1,947,276,51,69,1,-1,-1,-1
124,-1,947,267,50,67,1,-1,-1,-1
125,-1,949,260,49,66,1,-1,-1,-1
126,-1,948,250,50,67,1,-1,-1,-1
127,-1,946,241,52,70,1,-1,-1,-1
128,-1,946,234,52,70,1,-1,-1,-1
129,-1,946,227,53,72,1,-1,-1,-1
130,-1,947,218,53,72,1,-1,-1,-1
131,-1,945,212,53,72,1,-1,-1,-1
132,-1,945,204,53,72,1,-1,-1,-1
133,-1,945,199,51,69,1,-1,-1,-1
134,-1,943,193,51,69,1,-1,-1,-1
135,-1,943,187,51,69,1,-1,-1,-1
136,-1,943,180,51,69,1,-1,-1,-1
137,-1,941,175,50,67,1,-1,-1,-1
138,-1,941,168,49,66,1,-1,-1,-1
139,-1,940,163,50,67,1,-1,-1,-1
140,-1,936,158,50,67,1,-1,-1,-1
141,-1,935,152,50,67,1,-1,-1,-1
142,-1,933,146,50,67,1,-1,-1,-1
143,-1,932,141,50,67,1,-1,-1,-1
144,-1,930,135,50,67,1,-1,-1,-1
145,-1,929,131,49,66,1,-1,-1,-1
146,-1,928,126,50,67,1,-1,-1,-1
147,-1,926,120,50,67,1,-1,-1,-1
148,-1,925,115,50,67,1,-1,-1,-1
149,-1,925,109,50,67,1,-1,-1,-1
150,-1,924,105,50,67,1,-1,-1,-1
151,-1,923,100,50,67,1,-1,-1,-1
152,-1,922,95,50,67,1,-1,-1,-1
153,-1,923,91,50,67,1,-1,-1,-1
154,-1,922,86,50,67,1,-1,-1,-1
155,-1,921,80,51,69,1,-1,-1,-1
156,-1,922,76,51,69,1,-1,-1,-1
157,-1,920,72,51,69,1,-1,-1,-1
158,-1,919,67,51,69,1,-1,-1,-1
159,-1,918,63,51,69,1,-1,-1,-1
160,-1,917,59,51,69,1,-1,-1,-1
161,-1,915,56,50,67,1,-1,-1,-1
162,-1,913,53,50,67,1,-1,-1,-1
163,-1,911,49,51,69,1,-1,-1,-1
164,-1,910,47,51,69,1,-1,-1,-1
165,-1,907,44,51,69,1,-1,-1,-1
166,-1,906,41,51,69,1,-1,-1,-1
167,-1,903,39,52,70,1,-1,-1,-1
168,-1,903,36,52,70,1,-1,-1,-1
169,-1,901,34,53,72,1,-1,-1,-1
170,-1,899,32,54,73,1,-1,-1,-1
171,-1,898,31,54,73,1,-1,-1,-1
172,-1,894,28,54,73,1,-1,-1,-1
173,-1,892,29,54,73,1,-1,-1,-1
174,-1,889,25,54,73,1,-1,-1,-1
175,-1,887,25,54,73,1,-1,-1,-1
176,-1,884,24,53,72,1,-1,-1,-1
177,-1,880,23,53,72,1,-1,-1,-1
178,-1,878,24,52,70,1,-1,-1,-1
179,-1,876,24,51,69,1,-1,-1,-1
180,-1,873,25,50,67,1,-1,-1,-1
181,-1,871,25,49,66,1,-1,-1,-1
182,-1,869,26,49,66,1,-1,-1,-1
183,-1,866,27,49,66,1,-1,-1,-1
184,-1,865,28,48,65,1,-1,-1,-1
185,-1,861,29,48,65,1,-1,-1,-1
186,-1,860,29,48,65,1,-1,-1,-1
187,-1,859,30,47,64,1,-1,-1,-1
188,-1,855,32,47,64,1,-1,-1,-1
189,-1,852,33,47,64,1,-1,-1,-1
190,-1,850,34,47,64,1,-1,-1,-1
191,-1,845,36,47,64,1,-1,-1,-1
192,-1,843,37,47,64,1,-1,-1,-1
193,-1,837,40,47,64,1,-1,-1,-1
194,-1,835,41,47,64,1,-1,-1,-1
195,-1,830,44,47,64,1,-1,-1,-1
196,-1,829,44,47,64,1,-1,-1,-1
197,-1,824,48,47,64,1,-1,-1,-1
198,-1,819,52,47,64,1,-1,-1,-1
199,-1,818,52,47,64,1,-1,-1,-1
200,-1,814,57,47,64,1,-1,-1,-1
201,-1,810,60,47,64,1,-1,-1,-1
202,-1,805,63,47,64,1,-1,-1,-1
203,-1,801,67,48,65,1,-1,-1,-1
204,-1,797,70,48,65,1,-1,-1,-1
205,-1,793,73,48,65,1,-1,-1,-1
206,-1,789,77,48,65,1,-1,-1,-1
207,-1,786,81,48,65,1,-1,-1,-1
208,-1,785,84,48,65,1,-1,-1,-1
209,-1,784,88,48,65,1,-1,-1,-1
210,-1,785,92,48,65,1,-1,-1,-1
215,-1,784,109,70,77,1,-1,-1,-1
216,-1,787,110,70,77,1,-1,-1,-1
217,-1,791,113,70,77,1,-1,-1,-1
218,-1,796,115,70,77,1,-1,-1,-1
219,-1,801,116,70,77,1,-1,-1,-1
220,-1,806,116,70,77,1,-1,-1,-1
221,-1,812,118,68,75,1,-1,-1,-1
222,-1,816,119,67,74,1,-1,-1,-1
223,-1,821,122,67,74,1,-1,-1,-1
224,-1,825,125,67,74,1,-1,-1,-1
245,-1,971,648,71,81,1,-1,-1,-1
246,-1,969,645,73,84,1,-1,-1,-1
247,-1,967,644,73,84,1,-1,-1,-1
248,-1,965,641,76,88,1,-1,-1,-1
249,-1,962,639,78,90,1,-1,-1,-1
250,-1,961,637,78,90,1,-1,-1,-1
251,-1,959,635,78,90,1,-1,-1,-1
252,-1,957,633,80,92,1,-1,-1,-1
253,-1,961,637,72,83,1,-1,-1,-1
254,-1,958,632,72,83,1,-1,-1,-1
255,-1,956,630,73,84,1,-1,-1,-1
256,-1,954,627,75,86,1,-1,-1,-1
257,-1,951,624,78,90,1,-1,-1,-1
258,-1,949,621,80,92,1,-1,-1,-1
259,-1,953,624,73,84,1,-1,-1,-1
260,-1,952,620,72,83,1,-1,-1,-1
261,-1,950,617,75,86,1,-1,-1,-1
262,-1,949,616,75,86,1,-1,-1,-1
263,-1,949,617,72,83,1,-1,-1,-1
264,-1,949,614,72,83,1,-1,-1,-1
265,-1,946,612,75,86,1,-1,-1,-1
266,-1,945,611,75,86,1,-1,-1,-1
267,-1,946,612,72,83,1,-1,-1,-1
268,-1,946,609,72,83,1,-1,-1,-1
269,-1,944,608,73,84,1,-1,-1,-1
270,-1,942,606,76,88,1,-1,-1,-1
271,-1,941,604,78,90,1,-1,-1,-1
272,-1,940,604,78,90,1,-1,-1,-1
273,-1,941,604,76,88,1,-1,-1,-1
274,-1,940,603,78,90,1,-1,-1,-1
275,-1,940,602,78,90,1,-1,-1,-1
276,-1,939,601,80,92,1,-1,-1,-1
277,-1,939,600,81,93,1,-1,-1,-1
278,-1,939,600,80,92,1,-1,-1,-1
279,-1,938,600,81,93,1,-1,-1,-1
280,-1,937,598,83,95,1,-1,-1,-1
281,-1,937,599,85,97,1,-1,-1,-1
282,-1,936,598,85,97,1,-1,-1,-1
283,-1,936,599,85,97,1,-1,-1,-1
284,-1,937,599,85,97,1,-1,-1,-1
285,-1,936,597,88,101,1,-1,-1,-1
286,-1,936,597,88,101,1,-1,-1,-1
287,-1,936,598,88,101,1,-1,-1,-1
288,-1,936,598,88,101,1,-1,-1,-1
289,-1,936,597,88,101,1,-1,-1,-1
290,-1,936,597,88,101,1,-1,-1,-1
291,-1,935,596,88,101,1,-1,-1,-1
292,-1,935,595,90,103,1,-1,-1,-1
293,-1,934,595,88,101,1,-1,-1,-1
294,-1,934,596,88,101,1,-1,-1,-1
295,-1,934,595,88,101,1,-1,-1,-1
296,-1,934,596,86,99,1,-1,-1,-1
297,-1,933,594,88,101,1,-1,-1,-1
298,-1,932,594,88,101,1,-1,-1,-1
299,-1,932,595,86,99,1,-1,-1,-1
300,-1,932,594,86,99,1,-1,-1,-1
301,-1,931,594,86,99,1,-1,-1,-1
302,-1,930,594,86,99,1,-1,-1,-1
303,-1,928,592,88,101,1,-1,-1,-1
304,-1,928,592,88,101,1,-1,-1,-1
305,-1,928,593,86,99,1,-1,-1,-1
306,-1,927,593,86,99,1,-1,-1,-1
307,-1,926,592,88,101,1,-1,-1,-1
308,-1,926,592,88,101,1,-1,-1,-1
309,-1,926,592,88,101,1,-1,-1,-1
310,-1,924,591,90,103,1,-1,-1,-1
311,-1,922,590,90,103,1,-1,-1,-1
311,-1,805,232,66,68,1,-1,-1,-1
312,-1,804,236,66,68,1,-1,-1,-1
313,-1,802,237,70,72,1,-1,-1,-1
314,-1,801,242,70,72,1,-1,-1,-1
315,-1,799,246,72,75,1,-1,-1,-1
316,-1,799,251,71,73,1,-1,-1,-1
317,-1,798,256,70,72,1,-1,-1,-1
318,-1,796,260,72,75,1,-1,-1,-1
319,-1,795,266,72,75,1,-1,-1,-1
320,-1,794,271,72,75,1,-1,-1,-1
321,-1,792,276,74,76,1,-1,-1,-1
322,-1,792,283,71,73,1,-1,-1,-1
323,-1,792,289,70,72,1,-1,-1,-1
324,-1,791,296,70,72,1,-1,-1,-1
325,-1,790,302,70,72,1,-1,-1,-1
326,-1,789,308,70,72,1,-1,-1,-1
327,-1,789,317,67,69,1,-1,-1,-1
328,-1,788,325,68,70,1,-1,-1,-1
329,-1,786,330,70,72,1,-1,-1,-1
330,-1,786,338,67,69,1,-1,-1,-1
331,-1,784,346,70,72,1,-1,-1,-1
332,-1,784,355,67,69,1,-1,-1,-1
333,-1,782,362,70,72,1,-1,-1,-1
334,-1,781,370,68,70,1,-1,-1,-1
335,-1,781,379,67,69,1,-1,-1,-1
336,-1,780,388,68,70,1,-1,-1,-1
337,-1,778,395,70,72,1,-1,-1,-1
338,-1,777,404,70,72,1,-1,-1,-1
339,-1,776,413,70,72,1,-1,-1,-1
340,-1,775,422,70,72,1,-1,-1,-1
341,-1,774,431,70,72,1,-1,-1,-1
342,-1,773,442,70,72,1,-1,-1,-1
343,-1,772,451,70,72,1,-1,-1,-1
344,-1,772,460,70,72,1,-1,-1,-1
345,-1,770,471,70,72,1,-1,-1,-1
346,-1,770,481,70,72,1,-1,-1,-1
347,-1,768,491,70,72,1,-1,-1,-1
348,-1,768,502,70,72,1,-1,-1,-1
349,-1,767,513,70,72,1,-1,-1,-1
350,-1,766,524,70,72,1,-1,-1,-1
351,-1,764,535,70,72,1,-1,-1,-1
352,-1,764,546,70,72,1,-1,-1,-1
353,-1,763,559,68,70,1,-1,-1,-1
354,-1,762,570,68,70,1,-1,-1,-1
355,-1,761,582,68,70,1,-1,-1,-1
356,-1,759,593,70,72,1,-1,-1,-1
357,-1,758,606,68,70,1,-1,-1,-1
358,-1,757,620,67,69,1,-1,-1,-1
359,-1,756,633,67,69,1,-1,-1,-1
360,-1,756,646,67,69,1,-1,-1,-1
361,-1,755,659,68,70,1,-1,-1,-1
362,-1,754,672,67,69,1,-1,-1,-1
363,-1,753,685,70,72,1,-1,-1,-1
364,-1,751,699,67,69,1,-1,-1,-1
365,-1,751,712,70,72,1,-1,-1,-1
366,-1,750,727,67,69,1,-1,-1,-1
367,-1,749,740,70,72,1,-1,-1,-1
368,-1,748,754,68,70,1,-1,-1,-1
369,-1,747,769,68,70,1,-1,-1,-1
370,-1,746,783,68,70,1,-1,-1,-1
371,-1,746,795,68,70,1,-1,-1,-1
